-3.246;-3.662;31.134;31.516;shock no free fall check for stasis
-0.114;1.480;1.187;1.901
-7.153;12.695;-1.236;14.624
0.757;2.084;-7.307;7.636
-0.162;2.055;-9.175;9.404
-0.057;1.615;-9.414;9.552
-0.076;1.682;-9.213;9.366
0.001;1.710;-9.213;9.371
-0.153;1.662;-9.232;9.382
-0.066;1.643;-9.271;9.415
-0.019;1.720;-9.232;9.391
-0.076;1.662;-9.405;9.551
-0.076;1.682;-9.309;9.460
0.029;1.624;-9.328;9.469
-0.076;1.653;-9.357;9.502
-0.047;1.653;-9.299;9.445
-0.057;1.634;-9.261;9.404
-0.019;1.643;-9.328;9.472
-0.047;1.605;-9.194;9.333
-0.114;1.662;-9.328;9.476
-0.095;1.643;-9.357;9.501
-0.047;1.662;-9.261;9.409
-0.057;1.729;-9.338;9.497
-0.066;1.701;-9.405;9.558
0.020;1.758;-9.338;9.502
0.029;1.662;-9.366;9.513
A stasis: {avg:9,285,mediana:9,469,sqm:1,898};
min: 9,320; max: 10,104; mediana: 9,469; sqm: 1,898; min_sqm: 1,000; filtered: 0; spikes: 22; true;
fall detected
Hard Fall
16.568;13.155;3.246;21.403;shock no free fall check for stasis
16.568;13.155;3.246;21.403;shock no free fall check for stasis
8.974;1.222;-1.494;9.179
8.974;1.222;-1.494;9.179
10.755;3.444;4.118;12.020
10.755;3.444;4.118;12.020
5.938;-3.768;-0.881;7.088
5.938;-3.768;-0.881;7.088
5.651;-6.401;1.532;8.675
5.651;-6.401;1.532;8.675
5.373;-8.786;-11.981;15.799
5.373;-8.786;-11.981;15.799
5.287;-6.516;-5.248;9.897
5.287;-6.516;-5.248;9.897
5.344;-6.641;-2.299;8.829
5.344;-6.641;-2.299;8.829
4.732;-5.271;-2.557;7.531
4.732;-5.271;-2.557;7.531
5.584;-6.248;-2.682;8.798
5.584;-6.248;-2.682;8.798
5.785;-6.842;-3.132;9.491
5.785;-6.842;-3.132;9.491
5.172;-6.593;-3.496;9.079
5.172;-6.593;-3.496;9.079
7.672;-3.528;-7.288;11.154
7.672;-3.528;-7.288;11.154
6.733;-6.181;-3.333;9.729
6.733;-6.181;-3.333;9.729
6.302;-5.616;-4.071;9.371
6.302;-5.616;-4.071;9.371
6.369;-5.242;-2.826;8.720
6.369;-5.242;-2.826;8.720
6.599;-5.424;-2.529;8.909
6.599;-5.424;-2.529;8.909
6.800;-5.635;-4.071;9.724
6.800;-5.635;-4.071;9.724
7.020;-5.080;-3.075;9.195
7.020;-5.080;-3.075;9.195
7.470;-4.275;-2.375;8.929
7.470;-4.275;-2.375;8.929
6.944;-5.338;-2.031;8.991
6.944;-5.338;-2.031;8.991
7.614;-4.438;-2.960;9.297
7.614;-4.438;-2.960;9.297
10.257;-4.361;0.775;11.173
10.257;-4.361;0.775;11.173
6.580;-5.731;-2.059;8.965
6.580;-5.731;-2.059;8.965
7.289;-4.428;-1.456;8.652
7.289;-4.428;-1.456;8.652
9.242;-3.327;-3.429;10.404
9.242;-3.327;-3.429;10.404
A stasis: {avg:9,584,mediana:9,195,sqm:1,668};
min: 9,320; max: 10,104; mediana: 9,195; sqm: 1,668; min_sqm: 1,000; filtered: 0; spikes: 13; false;
A stasis: {avg:9,584,mediana:9,195,sqm:1,668};
min: 9,320; max: 10,104; mediana: 9,195; sqm: 1,668; min_sqm: 1,000; filtered: 0; spikes: 13; false;
12.843;12.130;7.383;19.147;shock no free fall check for stasis
12.843;12.130;7.383;19.147;shock no free fall check for stasis
9.740;2.898;0.115;10.163
9.740;2.898;0.115;10.163
11.770;4.373;-5.555;13.730
11.770;4.373;-5.555;13.730
8.936;1.643;-1.236;9.169
8.936;1.643;-1.236;9.169
10.976;5.531;3.505;12.781
10.976;5.531;3.505;12.781
8.687;3.300;1.158;9.364
8.687;3.300;1.158;9.364
2.184;0.494;-0.470;2.288
2.184;0.494;-0.470;2.288
8.246;7.025;-1.370;10.919
8.246;7.025;-1.370;10.919
7.528;6.164;1.168;9.799
7.528;6.164;1.168;9.799
7.413;6.135;1.886;9.805
7.413;6.135;1.886;9.805
7.528;6.116;1.513;9.816
7.528;6.116;1.513;9.816
7.652;6.278;1.149;9.965
7.652;6.278;1.149;9.965
7.490;6.211;1.283;9.814
7.490;6.211;1.283;9.814
7.499;6.164;1.388;9.806
7.566;6.259;1.331;9.910
7.470;6.116;1.283;9.739
7.499;6.164;1.388;9.806
7.566;6.259;1.331;9.910
7.470;6.116;1.283;9.739
7.490;6.068;1.494;9.754
7.490;6.068;1.494;9.754
7.509;6.250;1.388;9.868
7.528;6.250;1.417;9.886
7.509;6.250;1.388;9.868
7.528;6.250;1.417;9.886
7.605;6.231;1.187;9.902
7.605;6.231;1.187;9.902
7.442;6.173;1.360;9.764
7.442;6.173;1.360;9.764
7.499;6.202;1.254;9.812
7.499;6.202;1.254;9.812
7.490;6.173;1.312;9.794
7.490;6.173;1.312;9.794
7.633;6.307;1.312;9.988
7.633;6.307;1.312;9.988
7.557;5.713;0.766;9.504
7.557;5.713;0.766;9.504
7.528;5.991;1.647;9.761
7.528;5.991;1.647;9.761
A stasis: {avg:9,804,mediana:9,814,sqm:1,859};
min: 9,320; max: 10,104; mediana: 9,814; sqm: 1,859; min_sqm: 1,000; filtered: 0; spikes: 21; true;
fall detected
Hard Fall
A stasis: {avg:9,804,mediana:9,814,sqm:1,859};
min: 9,320; max: 10,104; mediana: 9,814; sqm: 1,859; min_sqm: 1,000; filtered: 0; spikes: 21; true;
fall detected
Hard Fall
5.546;6.949;-21.663;23.416;shock no free fall check for stasis
5.546;6.949;-21.663;23.416;shock no free fall check for stasis
4.281;-1.038;1.293;4.591
4.281;-1.038;1.293;4.591
9.731;4.248;-8.428;13.556
9.731;4.248;-8.428;13.556
7.748;3.482;1.743;8.672
7.748;3.482;1.743;8.672
7.854;-0.090;2.901;8.373
7.854;-0.090;2.901;8.373
7.940;10.061;-0.719;12.837
7.940;10.061;-0.719;12.837
6.475;-0.511;0.277;6.501
6.475;-0.511;0.277;6.501
10.851;7.131;-2.902;13.305
10.851;7.131;-2.902;13.305
5.948;3.645;4.166;8.125
5.948;3.645;4.166;8.125
7.394;7.466;3.773;11.164
7.394;7.466;3.773;11.164
6.044;4.411;2.461;7.876
6.044;4.411;2.461;7.876
7.490;9.468;2.442;12.316
7.490;9.468;2.442;12.316
8.189;3.702;2.815;9.417
8.189;3.702;2.815;9.417
10.937;8.481;0.297;13.843
10.937;8.481;0.297;13.843
8.601;1.816;1.695;8.952
8.601;1.816;1.695;8.952
6.293;2.773;4.932;8.462
6.293;2.773;4.932;8.462
6.791;2.381;2.231;7.534
6.791;2.381;2.231;7.534
10.305;0.590;4.386;11.215
10.305;0.590;4.386;11.215
7.241;2.170;-0.316;7.565
7.241;2.170;-0.316;7.565
6.800;6.623;2.202;9.745
6.800;6.623;2.202;9.745
10.238;6.231;2.815;12.311
10.238;6.231;2.815;12.311
8.850;0.274;-4.722;10.034
8.850;0.274;-4.722;10.034
7.432;1.394;4.146;8.624
7.432;1.394;4.146;8.624
8.447;3.022;5.047;10.294
8.447;3.022;5.047;10.294
5.957;4.411;7.106;10.268
5.957;4.411;7.106;10.268
10.123;7.437;1.513;12.652
10.123;7.437;1.513;12.652
A stasis: {avg:9,929,mediana:10,034,sqm:2,404};
min: 9,320; max: 10,104; mediana: 10,034; sqm: 2,404; min_sqm: 1,000; filtered: 0; spikes: 6; false;
A stasis: {avg:9,929,mediana:10,034,sqm:2,404};
min: 9,320; max: 10,104; mediana: 10,034; sqm: 2,404; min_sqm: 1,000; filtered: 0; spikes: 6; false;
8.189;15.041;9.069;19.379;shock no free fall check for stasis
8.189;15.041;9.069;19.379;shock no free fall check for stasis
8.620;2.534;6.186;10.908
8.620;2.534;6.186;10.908
6.379;6.393;-3.592;9.719
6.379;6.393;-3.592;9.719
8.055;4.038;-4.913;10.263
8.055;4.038;-4.913;10.263
13.025;5.790;1.953;14.387
13.025;5.790;1.953;14.387
9.386;2.151;-1.073;9.689
9.386;2.151;-1.073;9.689
11.694;1.375;2.739;12.089
11.694;1.375;2.739;12.089
7.777;-1.718;1.015;8.029
7.777;-1.718;1.015;8.029
9.395;0.341;2.308;9.681
9.395;0.341;2.308;9.681
3.640;-11.592;0.909;12.184
3.640;-11.592;0.909;12.184
7.729;-1.766;1.158;8.012
7.729;-1.766;1.158;8.012
9.146;3.156;2.384;9.965
9.146;3.156;2.384;9.965
3.831;-9.293;-1.130;10.116
3.831;-9.293;-1.130;10.116
15.458;11.383;7.211;20.506
15.458;11.383;7.211;20.506
6.656;2.802;4.089;8.299
6.656;2.802;4.089;8.299
9.060;7.313;4.692;12.553
9.060;7.313;4.692;12.553
14.663;18.192;9.835;25.351
14.663;18.192;9.835;25.351
4.866;-1.249;-0.709;5.073
4.866;-1.249;-0.709;5.073
9.530;3.492;5.937;11.758
9.530;3.492;5.937;11.758
8.773;11.766;2.624;14.909
8.773;11.766;2.624;14.909
8.083;5.934;1.130;10.091
8.083;5.934;1.130;10.091
2.328;2.783;-2.749;4.552
2.328;2.783;-2.749;4.552
7.097;3.760;-0.987;8.092
7.097;3.760;-0.987;8.092
4.588;3.472;-0.163;5.756
4.588;3.472;-0.163;5.756
6.369;5.924;2.767;9.128
6.369;5.924;2.767;9.128
7.030;6.642;2.892;10.095
7.030;6.642;2.892;10.095
A stasis: {avg:10,848,mediana:10,095,sqm:4,465};
min: 9,320; max: 10,104; mediana: 10,095; sqm: 4,465; min_sqm: 1,000; filtered: 2; spikes: 9; false;
A stasis: {avg:10,848,mediana:10,095,sqm:4,465};
min: 9,320; max: 10,104; mediana: 10,095; sqm: 4,465; min_sqm: 1,000; filtered: 2; spikes: 9; false;
15.343;13.212;3.524;20.552;shock no free fall check for stasis
15.343;13.212;3.524;20.552;shock no free fall check for stasis
10.554;6.432;4.491;13.150
10.554;6.432;4.491;13.150
7.700;-0.626;0.546;7.745
7.700;-0.626;0.546;7.745
8.543;-0.387;0.440;8.563
8.543;-0.387;0.440;8.563
9.032;0.465;1.465;9.161
9.032;0.465;1.465;9.161
9.003;0.791;0.747;9.068
9.003;0.791;0.747;9.068
5.747;0.341;-1.265;5.894
5.747;0.341;-1.265;5.894
7.174;2.141;3.189;8.137
7.174;2.141;3.189;8.137
7.336;5.340;4.003;9.918
7.336;5.340;4.003;9.918
10.621;1.691;2.394;11.018
10.621;1.691;2.394;11.018
6.676;0.504;-0.498;6.713
6.676;0.504;-0.498;6.713
8.064;4.200;1.484;9.213
8.064;4.200;1.484;9.213
8.543;5.101;1.072;10.007
8.543;5.101;1.072;10.007
9.137;6.192;0.565;11.052
9.137;6.192;0.565;11.052
7.107;3.338;3.275;8.507
7.107;3.338;3.275;8.507
9.443;5.627;0.009;10.993
9.443;5.627;0.009;10.993
9.597;6.087;2.279;11.590
9.597;6.087;2.279;11.590
5.823;-4.045;-1.705;7.293
5.823;-4.045;-1.705;7.293
10.085;4.296;2.154;11.172
10.085;4.296;2.154;11.172
7.672;2.907;1.982;8.440
7.672;2.907;1.982;8.440
7.959;4.631;1.963;9.415
7.959;4.631;1.963;9.415
12.661;11.728;-0.230;17.260
12.661;11.728;-0.230;17.260
7.968;3.137;1.647;8.721
7.968;3.137;1.647;8.721
8.399;2.898;2.097;9.129
8.399;2.898;2.097;9.129
8.936;5.273;-0.029;10.376
8.936;5.273;-0.029;10.376
7.470;4.813;1.992;9.107
7.470;4.813;1.992;9.107
A stasis: {avg:9,666,mediana:9,213,sqm:2,264};
min: 9,320; max: 10,104; mediana: 9,213; sqm: 2,264; min_sqm: 1,000; filtered: 0; spikes: 8; false;
A stasis: {avg:9,666,mediana:9,213,sqm:2,264};
min: 9,320; max: 10,104; mediana: 9,213; sqm: 2,264; min_sqm: 1,000; filtered: 0; spikes: 8; false;
-22.773;18.068;6.474;29.782;shock no free fall check for stasis
-22.773;18.068;6.474;29.782;shock no free fall check for stasis
-5.200;10.981;-1.657;12.262
-5.200;10.981;-1.657;12.262
-4.750;9.458;1.072;10.638
-4.750;9.458;1.072;10.638
-6.349;6.997;1.886;9.634
-6.349;6.997;1.886;9.634
-5.822;7.887;1.992;10.004
-5.822;7.887;1.992;10.004
-6.311;7.552;1.915;10.026
-6.311;7.552;1.915;10.026
-6.646;8.136;2.059;10.705
-6.646;8.136;2.059;10.705
-5.429;6.432;2.490;8.777
-5.429;6.432;2.490;8.777
-6.358;7.638;1.829;10.105
-6.358;7.638;1.829;10.105
-5.420;8.117;2.116;9.987
-5.420;8.117;2.116;9.987
-5.564;7.792;2.269;9.839
-5.564;7.792;2.269;9.839
-5.037;8.156;2.806;9.988
-5.037;8.156;2.806;9.988
-4.922;8.290;2.786;10.035
-4.922;8.290;2.786;10.035
-2.939;7.342;0.823;7.951
-2.939;7.342;0.823;7.951
-6.282;5.177;2.039;8.392
-6.282;5.177;2.039;8.392
-5.889;9.602;1.283;11.337
-5.889;9.602;1.283;11.337
-5.765;10.511;2.595;12.266
-5.765;10.511;2.595;12.266
-5.726;7.083;1.503;9.231
-5.726;7.083;1.503;9.231
-6.464;6.374;-1.504;9.202
-6.464;6.374;-1.504;9.202
-4.893;6.662;2.528;8.643
-4.893;6.662;2.528;8.643
-4.596;5.225;6.799;9.729
-4.596;5.225;6.799;9.729
-6.311;5.752;3.074;9.075
-6.311;5.752;3.074;9.075
-6.157;8.318;3.514;10.930
-6.157;8.318;3.514;10.930
-6.138;6.240;4.156;9.690
-6.138;6.240;4.156;9.690
-5.535;7.619;4.003;10.233
-5.535;7.619;4.003;10.233
-5.899;7.217;3.811;10.070
-5.899;7.217;3.811;10.070
A stasis: {avg:9,950,mediana:10,004,sqm:1,048};
min: 9,320; max: 10,104; mediana: 10,004; sqm: 1,048; min_sqm: 1,000; filtered: 0; spikes: 15; false;
A stasis: {avg:9,950,mediana:10,004,sqm:1,048};
min: 9,320; max: 10,104; mediana: 10,004; sqm: 1,048; min_sqm: 1,000; filtered: 0; spikes: 15; false;
-1.407;6.077;19.460;20.435;shock no free fall check for stasis
-1.407;6.077;19.460;20.435;shock no free fall check for stasis
0.230;9.008;8.466;12.364
0.230;9.008;8.466;12.364
0.872;16.641;-12.680;20.939
0.872;16.641;-12.680;20.939
1.609;3.472;6.799;7.802
1.609;3.472;6.799;7.802
0.451;-2.408;2.145;3.256
0.451;-2.408;2.145;3.256
5.124;5.962;8.159;11.330
5.124;5.962;8.159;11.330
5.660;7.303;9.232;13.061
5.660;7.303;9.232;13.061
4.473;4.842;7.125;9.706
4.473;4.842;7.125;9.706
4.473;5.206;5.813;8.994
4.473;5.206;5.813;8.994
2.098;5.503;5.047;7.756
2.098;5.503;5.047;7.756
3.190;6.432;3.945;8.192
3.190;6.432;3.945;8.192
-0.976;-0.052;-3.017;3.171
-0.976;-0.052;-3.017;3.171
-1.934;10.617;6.368;12.530
-1.934;10.617;6.368;12.530
-5.487;5.771;5.803;9.853
-5.487;5.771;5.803;9.853
-7.374;5.043;2.547;9.289
-7.374;5.043;2.547;9.289
-4.175;8.558;6.770;11.683
-4.175;8.558;6.770;11.683
-4.788;7.409;4.692;9.991
-4.788;7.409;4.692;9.991
-4.156;8.031;3.715;9.776
-4.156;8.031;3.715;9.776
-4.778;7.466;4.175;9.798
-4.778;7.466;4.175;9.798
-3.447;9.075;3.380;10.279
-3.447;9.075;3.380;10.279
-6.033;6.844;4.874;10.343
-6.033;6.844;4.874;10.343
-4.309;8.539;3.304;10.119
-4.309;8.539;3.304;10.119
-4.319;7.514;5.162;10.087
-4.319;7.514;5.162;10.087
-5.056;7.590;5.142;10.470
-5.056;7.590;5.142;10.470
-5.046;6.709;4.482;9.517
-5.046;6.709;4.482;9.517
-4.357;8.031;4.367;10.127
-4.357;8.031;4.367;10.127
A stasis: {avg:10,017,mediana:10,087,sqm:3,249};
min: 9,320; max: 10,104; mediana: 10,087; sqm: 3,249; min_sqm: 1,000; filtered: 1; spikes: 12; false;
A stasis: {avg:10,017,mediana:10,087,sqm:3,249};
min: 9,320; max: 10,104; mediana: 10,087; sqm: 3,249; min_sqm: 1,000; filtered: 1; spikes: 12; false;
-10.467;14.802;8.638;20.081;shock no free fall check for stasis
-10.467;14.802;8.638;20.081;shock no free fall check for stasis
-4.587;8.213;3.007;9.876
-4.587;8.213;3.007;9.876
-2.125;11.019;2.039;11.406
-2.125;11.019;2.039;11.406
-4.012;8.357;4.328;10.231
-4.012;8.357;4.328;10.231
-5.267;7.102;5.343;10.331
-5.267;7.102;5.343;10.331
-2.987;8.883;4.012;10.195
-2.987;8.883;4.012;10.195
-3.610;8.634;3.955;10.160
-3.610;8.634;3.955;10.160
-4.184;9.219;3.304;10.649
-4.184;9.219;3.304;10.649
-5.602;5.962;4.941;9.558
-5.602;5.962;4.941;9.558
-5.171;9.132;3.601;11.095
-5.171;9.132;3.601;11.095
-4.137;9.008;5.027;11.114
-4.137;9.008;5.027;11.114
-3.246;8.539;3.754;9.876
-3.246;8.539;3.754;9.876
-4.568;7.389;4.759;9.905
-4.568;7.389;4.759;9.905
-3.696;8.347;4.520;10.186
-3.696;8.347;4.520;10.186
-4.395;8.347;4.070;10.274
-4.395;8.347;4.070;10.274
-3.351;8.261;4.070;9.800
-3.351;8.261;4.070;9.800
-3.284;7.456;4.271;9.199
-3.284;7.456;4.271;9.199
-2.518;0.427;3.313;4.183
-2.518;0.427;3.313;4.183
-0.287;4.535;-1.379;4.749
-0.287;4.535;-1.379;4.749
23.358;-37.315;38.020;58.168
23.358;-37.315;38.020;58.168
-3.859;2.735;-9.050;10.212
-3.859;2.735;-9.050;10.212
-0.191;0.676;-11.761;11.782
-0.191;0.676;-11.761;11.782
-1.149;5.876;-11.885;13.308
-1.149;5.876;-11.885;13.308
-0.631;0.580;-12.402;12.432
-0.631;0.580;-12.402;12.432
0.154;1.461;-9.338;9.453
0.154;1.461;-9.338;9.453
0.173;1.548;-9.204;9.334
0.173;1.548;-9.204;9.334
A stasis: {avg:11,899,mediana:10,212,sqm:9,828};
min: 9,320; max: 10,104; mediana: 10,212; sqm: 9,828; min_sqm: 1,000; filtered: 1; spikes: 14; false;
A stasis: {avg:11,899,mediana:10,212,sqm:9,828};
min: 9,320; max: 10,104; mediana: 10,212; sqm: 9,828; min_sqm: 1,000; filtered: 1; spikes: 14; false;
-3.485;11.383;-15.476;19.525;shock no free fall check for stasis
-3.485;11.383;-15.476;19.525;shock no free fall check for stasis
-6.789;1.346;0.009;6.922
-6.789;1.346;0.009;6.922
-10.170;-2.101;-1.466;10.488
-10.170;-2.101;-1.466;10.488
-5.803;-6.717;-2.490;9.219
-5.803;-6.717;-2.490;9.219
-5.037;3.693;-7.853;10.034
-5.037;3.693;-7.853;10.034
-1.819;3.913;24.181;24.563
-1.819;3.913;24.181;24.563
1.753;3.300;4.348;5.733
1.753;3.300;4.348;5.733
-8.389;6.307;20.025;22.608
-8.389;6.307;20.025;22.608
-0.450;11.038;5.458;12.322
-0.450;11.038;5.458;12.322
-7.632;8.625;1.858;11.666
-7.632;8.625;1.858;11.666
1.801;7.638;15.849;17.686
1.801;7.638;15.849;17.686
-0.871;1.500;7.019;7.230
-0.871;1.500;7.019;7.230
4.588;1.184;10.486;11.507
4.588;1.184;10.486;11.507
0.901;1.251;8.437;8.576
0.901;1.251;8.437;8.576
-2.231;1.279;10.046;10.370
-2.231;1.279;10.046;10.370
1.523;0.360;13.206;13.298
1.523;0.360;13.206;13.298
6.044;5.742;9.854;12.907
6.044;5.742;9.854;12.907
3.467;-1.440;5.909;7.001
3.467;-1.440;5.909;7.001
-9.107;1.835;13.905;16.723
-9.107;1.835;13.905;16.723
1.964;-5.405;1.522;5.949
1.964;-5.405;1.522;5.949
-2.212;0.590;-3.994;4.603
-2.212;0.590;-3.994;4.603
-11.204;-4.649;-1.657;12.243
-11.204;-4.649;-1.657;12.243
-7.211;-3.203;4.357;9.013
-7.211;-3.203;4.357;9.013
-11.300;-3.126;0.890;11.758
-11.300;-3.126;0.890;11.758
-9.739;-1.479;2.595;10.187
-9.739;-1.479;2.595;10.187
-8.331;-1.996;5.353;10.102
-8.331;-1.996;5.353;10.102
A stasis: {avg:11,308,mediana:10,488,sqm:4,849};
min: 9,320; max: 10,104; mediana: 10,488; sqm: 4,849; min_sqm: 1,000; filtered: 2; spikes: 5; false;
A stasis: {avg:11,308,mediana:10,488,sqm:4,849};
min: 9,320; max: 10,104; mediana: 10,488; sqm: 4,849; min_sqm: 1,000; filtered: 2; spikes: 5; false;
20.064;-0.291;2.825;20.264;shock no free fall check for stasis
20.064;-0.291;2.825;20.264;shock no free fall check for stasis
11.914;0.025;1.944;12.072
11.914;0.025;1.944;12.072
8.888;-0.157;2.537;9.244
8.888;-0.157;2.537;9.244
9.233;-0.013;2.049;9.457
9.233;-0.013;2.049;9.457
9.146;-0.013;1.982;9.359
9.146;-0.013;1.982;9.359
9.146;-0.042;2.049;9.373
9.146;-0.042;2.049;9.373
9.137;-0.272;1.992;9.355
9.137;-0.272;1.992;9.355
9.060;-0.569;1.762;9.247
9.060;-0.569;1.762;9.247
8.725;-1.958;2.107;9.187
8.725;-1.958;2.107;9.187
8.878;-0.588;2.183;9.162
8.878;-0.588;2.183;9.162
8.888;-0.387;2.231;9.172
8.888;-0.387;2.231;9.172
9.032;0.025;1.656;9.182
9.032;0.025;1.656;9.182
9.376;-2.034;0.220;9.597
9.376;-2.034;0.220;9.597
8.897;-1.929;0.708;9.132
8.897;-1.929;0.708;9.132
8.926;-2.025;0.795;9.187
8.926;-2.025;0.795;9.187
8.955;-1.977;0.718;9.199
8.955;-1.977;0.718;9.199
8.993;-1.938;0.756;9.231
8.993;-1.938;0.756;9.231
8.869;-2.092;0.881;9.154
8.869;-2.092;0.881;9.154
8.945;-1.986;0.814;9.199
8.945;-1.986;0.814;9.199
8.888;-2.063;0.862;9.165
8.888;-2.063;0.862;9.165
8.955;-2.005;0.747;9.207
8.955;-2.005;0.747;9.207
8.897;-2.044;0.814;9.165
8.897;-2.044;0.814;9.165
8.859;-1.938;0.775;9.102
8.859;-1.938;0.775;9.102
8.888;-2.053;0.862;9.163
8.888;-2.053;0.862;9.163
8.945;-2.015;0.842;9.208
8.945;-2.015;0.842;9.208
8.869;-2.101;0.881;9.157
8.869;-2.101;0.881;9.157
A stasis: {avg:9,347,mediana:9,199,sqm:0,579};
min: 9,320; max: 10,104; mediana: 9,199; sqm: 0,579; min_sqm: 1,000; filtered: 0; spikes: 24; false;
A stasis: {avg:9,347,mediana:9,199,sqm:0,579};
min: 9,320; max: 10,104; mediana: 9,199; sqm: 0,579; min_sqm: 1,000; filtered: 0; spikes: 24; false;
-3.188;38.677;-13.379;41.050;shock no free fall check for stasis
-0.967;-1.278;-8.734;8.880
-1.254;-1.153;-8.964;9.125
-1.158;-1.182;-9.079;9.229
-1.216;-1.230;-9.012;9.177
-1.273;-1.287;-8.955;9.136
-0.995;-1.057;-9.050;9.166
-1.216;-1.354;-9.079;9.260
-1.062;-1.297;-9.070;9.223
-1.005;-1.268;-9.108;9.251
-1.005;-1.172;-9.089;9.219
-1.082;-1.220;-9.146;9.290
-0.976;-1.239;-9.031;9.168
-0.900;-1.191;-9.165;9.286
-0.880;-1.115;-9.108;9.218
-0.880;-1.172;-9.079;9.197
-0.833;-1.144;-9.079;9.189
-0.995;-1.172;-9.070;9.199
-0.967;-1.239;-9.098;9.233
-0.957;-1.115;-9.175;9.292
-0.938;-1.163;-9.156;9.277
-1.072;-1.326;-8.993;9.153
-0.995;-1.220;-9.137;9.271
-0.938;-1.220;-9.194;9.322
-1.062;-1.306;-9.108;9.262
-0.976;-1.268;-9.137;9.276
A stasis: {avg:9,212,mediana:9,229,sqm:0,087};
min: 9,320; max: 10,104; mediana: 9,229; sqm: 0,087; min_sqm: 1,000; filtered: 0; spikes: 25; false;
32.954;-6.056;4.702;33.835;shock no free fall check for stasis
5.555;-5.511;4.223;8.892
9.472;-7.033;0.258;11.801
6.417;-3.586;2.279;7.696
5.670;-9.016;0.162;10.652
4.166;-5.731;-1.715;7.290
-0.880;-1.871;6.339;6.668
8.150;-7.675;7.364;13.400
6.293;-6.938;2.796;9.775
9.692;-2.197;3.706;10.607
7.748;-1.431;5.774;9.769
8.036;1.299;8.044;11.444
5.957;2.409;7.958;10.229
3.333;1.624;7.776;8.615
0.422;-2.609;6.100;6.648
3.075;0.504;7.355;7.987
-3.974;0.791;31.584;31.843
1.571;-0.282;-0.230;1.613
-1.972;-0.262;3.007;3.605
-6.694;-3.413;4.367;8.690
-7.307;-2.695;5.592;9.588
-0.057;0.274;0.067;0.288
-0.076;0.341;0.402;0.532
22.324;-16.284;3.179;27.815
3.113;-17.261;-38.585;42.385
-0.105;4.229;2.030;4.692
A stasis: {avg:10,901,mediana:9,588,sqm:9,592};
min: 9,320; max: 10,104; mediana: 9,588; sqm: 9,592; min_sqm: 1,000; filtered: 3; spikes: 6; false;
-13.474;38.428;-8.897;41.682;shock no free fall check for stasis
-0.095;1.557;3.562;3.889
8.285;7.313;-0.690;11.072
8.198;0.801;-4.482;9.378
4.866;-3.835;-7.547;9.764
0.872;-1.661;-7.269;7.507
1.313;-1.622;-9.003;9.241
1.293;-1.546;-8.955;9.179
1.236;-1.469;-8.897;9.102
1.322;-1.517;-8.945;9.169
1.408;-1.450;-8.801;9.031
1.380;-1.555;-8.888;9.128
1.293;-1.517;-8.849;9.071
1.274;-1.632;-8.811;9.051
1.284;-1.603;-8.888;9.122
1.293;-1.536;-8.964;9.186
1.293;-1.546;-8.964;9.188
1.360;-1.460;-9.041;9.258
1.380;-1.469;-9.127;9.347
1.255;-1.431;-9.031;9.230
1.351;-1.555;-9.012;9.245
1.341;-1.498;-8.983;9.206
1.322;-1.479;-9.012;9.228
1.341;-1.536;-9.041;9.268
1.293;-1.517;-9.022;9.239
1.236;-0.808;-8.945;9.066
A stasis: {avg:9,007,mediana:9,206,sqm:1,193};
min: 9,320; max: 10,104; mediana: 9,206; sqm: 1,193; min_sqm: 1,000; filtered: 0; spikes: 22; true;
fall detected
Hard Fall
-0.584;18.566;7.450;20.013;shock no free fall check for stasis
-2.298;8.749;5.497;10.585
-3.677;7.715;4.415;9.619
-2.116;8.500;3.802;9.549
-2.758;8.060;4.290;9.538
-2.260;8.270;3.897;9.418
-1.915;8.740;3.189;9.498
-1.953;9.171;3.524;10.017
-2.231;9.094;4.434;10.360
-1.963;9.075;3.562;9.945
-0.986;10.128;1.905;10.353
-1.819;9.094;2.451;9.593
-2.451;9.678;1.819;10.148
-2.528;9.104;3.237;9.987
-2.920;8.328;3.629;9.542
-2.920;8.079;4.836;9.858
-2.537;8.903;4.175;10.155
-2.987;7.418;3.342;8.667
-3.064;9.219;3.227;10.236
-3.744;7.361;5.679;10.022
-3.725;7.945;2.710;9.184
-4.098;7.456;3.514;9.206
-2.576;9.966;2.691;10.639
-4.050;8.098;3.668;9.769
-3.466;8.855;2.882;9.936
-5.257;7.006;3.189;9.322
A stasis: {avg:9,806,mediana:9,936,sqm:0,470};
min: 9,320; max: 10,104; mediana: 9,936; sqm: 0,470; min_sqm: 1,000; filtered: 0; spikes: 24; false;
20.514;-37.382;32.159;53.408;shock no free fall check for stasis
-2.461;-8.642;-18.302;20.389
-0.181;0.868;-4.080;4.175
3.831;-1.843;-2.586;4.976
0.154;2.649;-8.658;9.055
-0.708;0.868;-9.558;9.623
0.230;1.548;-8.849;8.987
-0.746;1.576;-9.194;9.358
-0.095;0.676;-9.146;9.172
0.116;0.638;-9.280;9.303
-0.143;0.619;-9.338;9.359
-0.162;0.724;-9.357;9.386
-0.066;0.753;-9.366;9.397
-0.124;0.695;-9.338;9.364
-0.172;0.686;-9.328;9.355
-0.143;0.666;-9.357;9.382
-0.143;0.676;-9.328;9.354
-0.296;0.532;-9.194;9.214
-0.248;0.552;-9.194;9.214
-0.315;0.638;-9.146;9.174
-0.248;0.590;-9.319;9.341
-0.210;0.590;-9.185;9.206
-0.220;0.628;-9.213;9.237
-0.181;0.580;-9.280;9.300
-0.143;0.666;-9.271;9.296
-0.172;0.686;-9.280;9.307
A stasis: {avg:9,357,mediana:9,307,sqm:2,647};
min: 9,320; max: 10,104; mediana: 9,307; sqm: 2,647; min_sqm: 1,000; filtered: 1; spikes: 22; true;
fall detected
Hard Fall
13.178;-15.097;7.201;21.294;shock no free fall check for stasis
7.336;-5.003;-4.980;10.181
4.109;-4.668;1.158;6.326
5.210;-8.345;0.191;9.840
8.486;-4.725;1.293;9.798
-1.292;-5.338;6.952;8.860
7.576;-6.976;0.038;10.298
8.620;-2.436;-3.573;9.644
7.490;-0.674;-2.069;7.799
9.127;-0.186;-1.648;9.277
-13.014;-3.509;12.153;18.149
2.979;-8.499;3.984;9.847
4.923;-5.989;-4.655;9.043
28.836;-37.191;-2.021;47.104
12.134;-1.335;-1.083;12.256
12.345;3.080;1.168;12.777
6.091;-5.568;-3.084;8.810
9.060;-2.561;-0.087;9.416
14.500;6.029;-1.648;15.790
-8.283;-21.753;-9.769;25.243
5.134;-7.771;0.613;9.334
3.515;-9.064;1.723;9.873
5.354;-7.493;-2.672;9.589
4.875;-7.675;1.417;9.202
4.511;-7.368;1.848;8.835
6.570;-3.346;-1.657;7.557
A stasis: {avg:12,194,mediana:9,798,sqm:8,249};
min: 9,320; max: 10,104; mediana: 9,798; sqm: 8,249; min_sqm: 1,000; filtered: 2; spikes: 15; false;
-31.526;2.936;-6.130;32.251;shock no free fall check for stasis
0.997;-8.278;1.858;8.542
2.615;-5.060;2.356;6.164
-7.565;-36.425;-7.078;37.869
0.546;1.978;-10.075;10.282
-0.900;1.155;-9.280;9.395
-0.708;1.212;-9.252;9.357
-0.708;1.212;-9.194;9.301
-0.641;1.222;-9.213;9.316
-0.631;1.222;-9.299;9.401
-0.631;1.155;-9.223;9.316
-0.670;1.270;-9.252;9.362
-0.708;1.164;-9.271;9.370
-0.631;1.327;-9.395;9.509
-0.679;1.241;-9.223;9.331
-0.564;1.212;-9.232;9.329
-0.641;1.270;-9.338;9.445
-0.631;1.203;-9.204;9.303
-0.593;1.231;-9.299;9.399
-0.660;1.184;-9.299;9.398
-0.660;1.184;-9.299;9.398
-0.660;1.184;-9.299;9.398
-0.660;1.184;-9.299;9.398
-0.660;1.184;-9.299;9.398
-0.660;1.184;-9.299;9.398
-0.660;1.184;-9.299;9.398
A stasis: {avg:10,391,mediana:9,398,sqm:5,766};
min: 9,320; max: 10,104; mediana: 9,398; sqm: 5,766; min_sqm: 1,000; filtered: 1; spikes: 23; true;
fall detected
Hard Fall
14.873;19.897;6.177;25.598;shock no free fall check for stasis
7.480;6.604;1.982;10.173
7.116;6.499;2.231;9.892
7.585;6.585;1.972;10.237
6.973;6.221;2.461;9.663
6.580;7.006;2.624;9.963
7.040;6.422;2.154;9.769
7.796;11.814;2.174;14.320
6.321;6.135;0.785;8.844
5.938;4.871;3.821;8.578
7.633;7.954;-0.010;11.025
5.249;4.535;2.097;7.247
6.360;6.106;0.900;8.862
8.103;4.239;-2.682;9.529
7.557;6.173;1.580;9.885
7.528;3.731;0.297;8.407
7.787;5.656;0.038;9.624
7.633;5.656;0.603;9.520
8.016;6.460;0.172;10.297
7.672;5.761;0.124;9.595
8.514;6.508;-0.096;10.717
7.921;5.436;-0.594;9.625
9.118;5.551;-0.527;10.687
7.317;4.622;-0.556;8.672
7.806;4.756;-0.278;9.145
8.007;5.503;0.086;9.716
A stasis: {avg:9,760,mediana:9,716,sqm:1,256};
min: 9,320; max: 10,104; mediana: 9,716; sqm: 1,256; min_sqm: 1,000; filtered: 0; spikes: 17; true;
fall detected
Hard Fall
-30.396;10.071;-38.585;50.142;shock no free fall check for stasis
15.668;1.653;4.711;16.445
-1.407;7.792;6.483;10.233
1.246;-3.509;4.510;5.849
1.159;-1.756;-8.581;8.835
-2.231;1.471;-7.844;8.286
-1.216;1.519;-9.893;10.083
0.441;0.178;-8.524;8.537
0.039;0.465;-9.165;9.177
0.135;0.839;-9.060;9.100
0.020;0.638;-9.117;9.140
0.173;0.772;-9.386;9.419
0.163;0.772;-9.347;9.381
0.116;0.762;-9.309;9.341
0.163;0.714;-9.338;9.366
0.106;0.705;-9.252;9.279
0.116;0.695;-9.204;9.231
0.125;0.858;-9.347;9.387
0.192;0.714;-9.299;9.329
0.125;0.686;-9.252;9.278
0.192;0.791;-9.443;9.478
0.202;0.791;-9.395;9.431
0.116;0.695;-9.213;9.240
0.116;0.676;-9.347;9.372
0.125;0.676;-9.290;9.315
0.173;0.762;-9.366;9.399
A stasis: {avg:9,437,mediana:9,341,sqm:1,658};
min: 9,320; max: 10,104; mediana: 9,341; sqm: 1,658; min_sqm: 1,000; filtered: 0; spikes: 22; true;
fall detected
Hard Fall
9.175;18.460;-18.359;27.605;shock no free fall check for stasis
8.419;2.611;-1.782;8.992
6.455;6.566;-2.280;9.486
7.365;5.809;-1.513;9.502
7.595;6.010;-0.996;9.737
7.394;6.106;-0.623;9.609
7.269;5.828;0.143;9.318
8.036;6.393;-1.150;10.333
7.566;7.342;0.795;10.572
8.227;5.579;1.609;10.070
7.221;8.567;0.076;11.205
6.714;5.436;-2.509;8.996
7.585;5.838;-0.518;9.586
7.375;5.733;-0.345;9.347
7.585;6.001;-0.508;9.685
7.480;5.800;-0.498;9.478
7.547;6.097;-0.527;9.716
7.672;6.087;-0.144;9.794
8.620;7.418;-0.604;11.388
6.628;5.043;-4.358;9.399
4.339;3.607;-2.117;6.026
4.320;2.026;-8.993;10.180
3.056;6.010;-7.068;9.768
-1.742;-3.528;-6.302;7.430
0.307;0.360;-9.213;9.225
0.412;0.599;-9.462;9.490
A stasis: {avg:9,533,mediana:9,609,sqm:1,049};
min: 9,320; max: 10,104; mediana: 9,609; sqm: 1,049; min_sqm: 1,000; filtered: 0; spikes: 20; true;
fall detected
Hard Fall
2.941;6.346;-20.112;21.293;shock no free fall check for stasis
7.221;-2.542;1.216;7.752
3.525;-9.092;-0.192;9.754
7.451;-2.465;-4.415;9.005
6.656;-8.087;0.890;10.512
14.193;5.848;1.120;15.392
8.170;-1.680;0.038;8.341
7.968;-3.873;2.997;9.353
8.313;-1.900;3.850;9.356
9.348;-2.302;0.517;9.641
8.227;-2.379;2.308;8.870
9.213;-1.977;6.895;11.676
9.807;-2.350;6.493;11.994
10.717;-0.004;4.348;11.565
10.487;-2.197;5.784;12.176
10.430;-1.306;3.505;11.080
8.189;-2.638;2.815;9.052
8.352;-2.714;2.796;9.216
8.457;-2.647;2.557;9.223
7.336;-3.375;3.840;8.942
8.859;-2.829;3.074;9.795
6.551;-3.499;3.859;8.370
12.077;-0.636;0.881;12.126
8.917;-4.218;-1.418;9.965
8.926;-1.699;-0.834;9.125
9.462;-0.588;0.536;9.496
A stasis: {avg:10,071,mediana:9,641,sqm:1,670};
min: 9,320; max: 10,104; mediana: 9,641; sqm: 1,670; min_sqm: 1,000; filtered: 0; spikes: 15; false;
21.117;22.904;5.343;31.608;shock no free fall check for stasis
7.700;2.725;1.091;8.241
5.747;3.520;8.715;11.016
5.795;-9.360;-3.668;11.604
8.735;0.389;3.083;9.271
9.118;0.149;2.020;9.340
8.601;-0.397;-1.964;8.831
10.880;2.180;3.016;11.499
6.187;-4.457;1.417;7.756
9.654;0.207;3.294;10.203
7.269;-2.034;3.035;8.136
8.706;-0.349;1.752;8.887
9.606;-2.063;2.911;10.247
8.285;1.385;3.878;9.252
9.759;1.615;0.660;9.914
6.800;0.762;11.185;13.112
12.719;2.850;-2.126;13.206
8.735;4.114;1.446;9.763
8.055;7.725;5.698;12.530
4.760;5.244;5.803;9.156
2.318;7.294;1.302;7.763
3.640;10.914;1.283;11.576
1.705;9.219;2.365;9.669
3.822;11.354;2.978;12.345
1.926;8.816;2.423;9.344
4.080;8.768;1.168;9.742
A stasis: {avg:10,096,mediana:9,763,sqm:1,610};
min: 9,320; max: 10,104; mediana: 9,763; sqm: 1,610; min_sqm: 1,000; filtered: 0; spikes: 13; false;
6.637;17.301;38.020;42.295;shock no free fall check for stasis
16.980;6.049;18.540;25.858
0.135;3.434;20.264;20.554
7.806;-1.756;0.823;8.043
9.213;3.329;1.158;9.865
8.840;2.927;1.158;9.384
9.194;3.109;0.900;9.747
8.974;2.831;0.737;9.439
8.830;2.515;0.833;9.219
9.041;2.802;0.459;9.477
8.926;2.716;0.929;9.376
9.060;2.831;0.823;9.528
8.907;2.668;0.804;9.333
9.022;2.850;0.680;9.486
8.974;2.783;0.881;9.437
8.955;2.812;0.852;9.425
8.897;2.754;0.718;9.342
8.974;2.840;0.881;9.454
8.955;2.716;0.823;9.394
8.897;2.630;0.766;9.309
8.926;2.840;0.909;9.411
8.955;2.773;0.852;9.413
8.926;2.850;0.852;9.409
8.783;2.668;0.986;9.232
8.955;2.764;0.909;9.416
8.945;2.754;0.871;9.400
A stasis: {avg:10,478,mediana:9,416,sqm:3,919};
min: 9,320; max: 10,104; mediana: 9,416; sqm: 3,919; min_sqm: 1,000; filtered: 2; spikes: 22; true;
fall detected
Hard Fall
-10.362;-17.501;-21.357;29.491;shock no free fall check for stasis
-0.459;1.021;3.131;3.325
1.159;0.226;-9.098;9.175
1.169;0.456;-9.117;9.203
0.997;0.370;-9.089;9.151
1.131;0.360;-9.089;9.166
1.169;0.475;-9.175;9.261
1.207;0.303;-8.974;9.060
1.073;0.408;-9.050;9.123
0.997;0.437;-9.079;9.144
-3.227;6.384;0.287;7.159
-8.015;4.162;0.871;9.073
-7.852;2.371;3.332;8.854
-9.337;-3.193;-9.817;13.919
-10.486;-2.312;-2.605;11.049
-8.638;2.725;-0.422;9.067
-4.874;1.164;-14.078;14.944
-4.931;2.783;-6.647;8.732
-4.137;3.386;-6.177;8.169
1.246;-0.952;-12.000;12.102
7.049;-5.846;-13.513;16.324
-1.513;1.423;-5.794;6.155
-0.421;-0.234;-10.535;10.546
-0.861;1.988;-11.406;11.610
0.891;0.858;-11.981;12.045
1.092;1.452;-4.569;4.917
A stasis: {avg:9,651,mediana:9,166,sqm:2,860};
min: 9,320; max: 10,104; mediana: 9,166; sqm: 2,860; min_sqm: 1,000; filtered: 0; spikes: 12; false;
21.548;-0.646;1.063;21.584;shock no free fall check for stasis
7.308;1.212;2.566;7.839
11.158;2.189;1.685;11.495
9.079;0.628;2.107;9.342
9.185;0.810;1.925;9.419
9.118;0.734;2.116;9.389
9.300;0.839;2.087;9.568
9.204;0.915;1.982;9.459
9.233;0.839;2.135;9.513
9.146;0.877;2.059;9.416
9.175;0.839;2.126;9.455
9.166;0.829;2.020;9.422
9.290;0.877;1.972;9.538
9.175;0.877;2.107;9.455
9.204;0.858;2.049;9.468
9.213;0.983;2.068;9.494
9.252;0.810;1.944;9.488
9.185;0.887;2.001;9.442
9.204;0.877;2.039;9.468
9.204;0.906;1.934;9.448
9.118;0.877;2.135;9.405
9.146;0.896;2.020;9.410
9.204;0.906;1.963;9.454
9.491;0.820;1.570;9.655
9.089;0.935;2.135;9.383
9.261;0.877;2.001;9.516
A stasis: {avg:9,478,mediana:9,455,sqm:0,535};
min: 9,320; max: 10,104; mediana: 9,455; sqm: 0,535; min_sqm: 1,000; filtered: 0; spikes: 23; false;
11.359;1.279;-15.802;19.503;shock no free fall check for stasis
4.061;22.693;1.522;23.104
0.039;9.219;1.120;9.286
-2.422;5.445;1.656;6.186
-6.062;8.730;1.015;10.676
-6.196;1.011;5.592;8.407
5.191;5.445;6.723;10.089
10.095;3.300;3.399;11.151
8.409;-0.559;3.007;8.948
9.951;0.896;2.087;10.207
9.807;0.255;1.465;9.919
14.998;4.938;-1.753;15.887
7.700;-3.576;0.852;8.533
8.993;0.389;1.609;9.144
9.846;0.054;1.130;9.910
9.893;-2.580;3.016;10.660
14.500;5.407;5.554;16.442
12.747;-0.598;7.814;14.964
9.941;0.054;4.309;10.835
10.095;2.266;1.896;10.518
9.644;2.706;0.373;10.024
8.390;1.423;2.576;8.891
9.146;0.149;2.767;9.557
8.821;0.628;4.529;9.936
9.099;-0.502;3.007;9.596
9.099;-0.665;3.677;9.836
A stasis: {avg:10,908,mediana:10,024,sqm:3,405};
min: 9,320; max: 10,104; mediana: 10,024; sqm: 3,405; min_sqm: 1,000; filtered: 1; spikes: 15; false;
5.996;-24.540;-9.893;27.130;shock no free fall check for stasis
5.996;-24.540;-9.893;27.130
5.996;-24.540;-9.893;27.130
5.996;-24.540;-9.893;27.130
5.996;-24.540;-9.893;27.130
5.996;-24.540;-9.893;27.130
5.996;-24.540;-9.893;27.130
5.996;-24.540;-9.893;27.130
5.996;-24.540;-9.893;27.130
5.996;-24.540;-9.893;27.130
5.996;-24.540;-9.893;27.130
5.996;-24.540;-9.893;27.130
5.996;-24.540;-9.893;27.130
5.996;-24.540;-9.893;27.130
5.996;-24.540;-9.893;27.130
5.996;-24.540;-9.893;27.130
5.996;-24.540;-9.893;27.130
5.996;-24.540;-9.893;27.130
5.996;-24.540;-9.893;27.130
5.996;-24.540;-9.893;27.130
5.996;-24.540;-9.893;27.130
5.996;-24.540;-9.893;27.130
5.996;-24.540;-9.893;27.130
5.996;-24.540;-9.893;27.130
5.996;-24.540;-9.893;27.130
5.996;-24.540;-9.893;27.130
A stasis: {avg:27,130,mediana:27,130,sqm:0,000};
min: 9,320; max: 10,104; mediana: 27,130; sqm: 0,000; min_sqm: 1,000; filtered: 25; spikes: 25; false;
5.996;-24.540;-9.893;27.130;shock no free fall check for stasis
5.996;-24.540;-9.893;27.130
5.996;-24.540;-9.893;27.130
5.996;-24.540;-9.893;27.130
5.996;-24.540;-9.893;27.130
5.996;-24.540;-9.893;27.130
5.996;-24.540;-9.893;27.130
5.996;-24.540;-9.893;27.130
5.996;-24.540;-9.893;27.130
5.996;-24.540;-9.893;27.130
5.996;-24.540;-9.893;27.130
5.996;-24.540;-9.893;27.130
5.996;-24.540;-9.893;27.130
5.996;-24.540;-9.893;27.130
5.996;-24.540;-9.893;27.130
5.996;-24.540;-9.893;27.130
5.996;-24.540;-9.893;27.130
5.996;-24.540;-9.893;27.130
5.996;-24.540;-9.893;27.130
5.996;-24.540;-9.893;27.130
5.996;-24.540;-9.893;27.130
5.996;-24.540;-9.893;27.130
5.996;-24.540;-9.893;27.130
5.996;-24.540;-9.893;27.130
5.996;-24.540;-9.893;27.130
5.996;-24.540;-9.893;27.130
A stasis: {avg:27,130,mediana:27,130,sqm:0,000};
min: 9,320; max: 10,104; mediana: 27,130; sqm: 0,000; min_sqm: 1,000; filtered: 25; spikes: 25; false;
5.996;-24.540;-9.893;27.130;shock no free fall check for stasis
5.996;-24.540;-9.893;27.130
5.996;-24.540;-9.893;27.130
5.996;-24.540;-9.893;27.130
5.996;-24.540;-9.893;27.130
5.996;-24.540;-9.893;27.130
5.996;-24.540;-9.893;27.130
5.996;-24.540;-9.893;27.130
5.996;-24.540;-9.893;27.130
5.996;-24.540;-9.893;27.130
5.996;-24.540;-9.893;27.130
5.996;-24.540;-9.893;27.130
5.996;-24.540;-9.893;27.130
5.996;-24.540;-9.893;27.130
5.996;-24.540;-9.893;27.130
5.996;-24.540;-9.893;27.130
5.996;-24.540;-9.893;27.130
5.996;-24.540;-9.893;27.130
5.996;-24.540;-9.893;27.130
5.996;-24.540;-9.893;27.130
5.996;-24.540;-9.893;27.130
5.996;-24.540;-9.893;27.130
5.996;-24.540;-9.893;27.130
5.996;-24.540;-9.893;27.130
5.996;-24.540;-9.893;27.130
5.996;-24.540;-9.893;27.130
A stasis: {avg:27,130,mediana:27,130,sqm:0,000};
min: 9,320; max: 10,104; mediana: 27,130; sqm: 0,000; min_sqm: 1,000; filtered: 25; spikes: 25; false;
5.996;-24.540;-9.893;27.130;shock no free fall check for stasis
5.996;-24.540;-9.893;27.130
5.996;-24.540;-9.893;27.130
5.996;-24.540;-9.893;27.130
5.996;-24.540;-9.893;27.130
5.996;-24.540;-9.893;27.130
5.996;-24.540;-9.893;27.130
5.996;-24.540;-9.893;27.130
5.996;-24.540;-9.893;27.130
5.996;-24.540;-9.893;27.130
5.996;-24.540;-9.893;27.130
5.996;-24.540;-9.893;27.130
5.996;-24.540;-9.893;27.130
5.996;-24.540;-9.893;27.130
5.996;-24.540;-9.893;27.130
5.996;-24.540;-9.893;27.130
5.996;-24.540;-9.893;27.130
5.996;-24.540;-9.893;27.130
5.996;-24.540;-9.893;27.130
5.996;-24.540;-9.893;27.130
5.996;-24.540;-9.893;27.130
5.996;-24.540;-9.893;27.130
5.996;-24.540;-9.893;27.130
5.996;-24.540;-9.893;27.130
5.996;-24.540;-9.893;27.130
5.996;-24.540;-9.893;27.130
A stasis: {avg:27,130,mediana:27,130,sqm:0,000};
min: 9,320; max: 10,104; mediana: 27,130; sqm: 0,000; min_sqm: 1,000; filtered: 25; spikes: 25; false;
5.996;-24.540;-9.893;27.130;shock no free fall check for stasis
5.996;-24.540;-9.893;27.130
5.996;-24.540;-9.893;27.130
5.996;-24.540;-9.893;27.130
5.996;-24.540;-9.893;27.130
5.996;-24.540;-9.893;27.130
5.996;-24.540;-9.893;27.130
5.996;-24.540;-9.893;27.130
5.996;-24.540;-9.893;27.130
5.996;-24.540;-9.893;27.130
5.996;-24.540;-9.893;27.130
5.996;-24.540;-9.893;27.130
5.996;-24.540;-9.893;27.130
5.996;-24.540;-9.893;27.130
5.996;-24.540;-9.893;27.130
5.996;-24.540;-9.893;27.130
5.996;-24.540;-9.893;27.130
5.996;-24.540;-9.893;27.130
5.996;-24.540;-9.893;27.130
5.996;-24.540;-9.893;27.130
4.492;-2.829;-6.417;8.328
4.952;-2.245;-8.629;10.199
2.060;-1.498;-8.275;8.658
1.399;-2.379;-7.595;8.081
0.968;-2.944;-8.284;8.845
0.930;-2.456;-7.872;8.299
A stasis: {avg:22,715,mediana:27,130,sqm:8,026};
min: 9,320; max: 10,104; mediana: 27,130; sqm: 8,026; min_sqm: 1,000; filtered: 19; spikes: 19; false;
20.744;-7.560;2.001;22.169;shock no free fall check for stasis
8.294;0.456;3.553;9.034
20.744;-7.560;2.001;22.169;shock no free fall check for stasis
8.294;0.456;3.553;9.034
10.315;-5.693;5.047;12.817
3.506;-0.186;7.364;8.158
10.315;-5.693;5.047;12.817
3.506;-0.186;7.364;8.158
0.010;-0.780;9.385;9.417
0.010;-0.780;9.385;9.417
-2.011;-0.818;9.385;9.633
-2.011;-0.818;9.385;9.633
-3.198;-1.201;9.414;10.014
-3.198;-1.201;9.414;10.014
-2.576;-0.722;10.285;10.627
-2.576;-0.722;10.285;10.627
-1.742;-0.684;8.944;9.138
-1.742;-0.684;8.944;9.138
-1.599;0.983;9.452;9.636
-1.599;0.983;9.452;9.636
-3.121;0.350;9.643;10.142
-3.121;0.350;9.643;10.142
-2.690;-0.349;9.691;10.064
-2.690;-0.349;9.691;10.064
-2.844;-0.540;9.375;9.812
-2.844;-0.540;9.375;9.812
-4.893;1.270;7.795;9.291
-4.893;1.270;7.795;9.291
-5.343;1.021;8.925;10.452
-5.343;1.021;8.925;10.452
-9.940;0.274;2.786;10.327
-9.940;0.274;2.786;10.327
-6.502;-1.852;-3.410;7.572
-6.502;-1.852;-3.410;7.572
-3.188;-2.130;-8.208;9.059
-3.188;-2.130;-8.208;9.059
-4.826;-2.724;-6.809;8.779
-4.826;-2.724;-6.809;8.779
-2.978;-5.060;-5.564;8.089
-2.978;-5.060;-5.564;8.089
-4.012;-5.731;-6.340;9.441
-4.012;-5.731;-6.340;9.441
-4.529;-5.329;-5.450;8.866
-4.702;-4.725;-5.536;8.665
-4.529;-5.329;-5.450;8.866
-4.702;-4.725;-5.536;8.665
-5.334;-4.151;-5.047;8.435
-5.334;-4.151;-5.047;8.435
-5.382;-5.415;-4.961;9.105
-5.382;-5.415;-4.961;9.105
-6.205;-4.936;-5.028;9.389
-6.205;-4.936;-5.028;9.389
A stasis: {avg:9,439,mediana:9,417,sqm:1,039};
min: 9,320; max: 10,104; mediana: 9,417; sqm: 1,039; min_sqm: 1,000; filtered: 0; spikes: 18; false;
A stasis: {avg:9,439,mediana:9,417,sqm:1,039};
min: 9,320; max: 10,104; mediana: 9,417; sqm: 1,039; min_sqm: 1,000; filtered: 0; spikes: 18; false;
3.630;8.539;-17.497;19.805;shock no free fall check for stasis
3.630;8.539;-17.497;19.805;shock no free fall check for stasis
3.793;3.635;-4.990;7.246
3.793;3.635;-4.990;7.246
4.913;5.187;-8.217;10.889
4.913;5.187;-8.217;10.889
3.228;1.959;-9.443;10.170
3.228;1.959;-9.443;10.170
4.080;3.061;-7.432;9.014
4.080;3.061;-7.432;9.014
5.325;5.512;-5.564;9.471
5.325;5.512;-5.564;9.471
5.115;4.392;-6.130;9.111
5.115;4.392;-6.130;9.111
5.287;4.947;-6.149;9.499
5.287;4.947;-6.149;9.499
5.670;4.899;-6.541;9.947
5.670;4.899;-6.541;9.947
4.358;3.367;-6.886;8.817
4.358;3.367;-6.886;8.817
4.818;3.750;-7.633;9.774
4.818;3.750;-7.633;9.774
4.004;3.712;-6.177;8.244
4.004;3.712;-6.177;8.244
4.530;4.143;-7.528;9.714
4.530;4.143;-7.528;9.714
5.009;5.101;-8.189;10.870
5.009;5.101;-8.189;10.870
4.904;5.321;-8.380;11.072
4.904;5.321;-8.380;11.072
5.182;5.905;-9.472;12.306
5.182;5.905;-9.472;12.306
4.990;4.842;-6.628;9.606
4.990;4.842;-6.628;9.606
4.712;3.990;-8.485;10.494
4.712;3.990;-8.485;10.494
5.210;4.631;-6.742;9.698
5.210;4.631;-6.742;9.698
4.540;4.995;-7.250;9.906
4.540;4.995;-7.250;9.906
5.124;5.072;-6.790;9.904
5.124;5.072;-6.790;9.904
5.479;1.097;-5.833;8.077
5.479;1.097;-5.833;8.077
3.918;5.263;-9.577;11.609
3.918;5.263;-9.577;11.609
4.415;4.535;-10.669;12.405
4.415;4.535;-10.669;12.405
2.701;2.946;-8.983;9.832
2.701;2.946;-8.983;9.832
3.161;2.927;-7.624;8.756
3.161;2.927;-7.624;8.756
A stasis: {avg:9,857,mediana:9,832,sqm:1,228};
min: 9,320; max: 10,104; mediana: 9,832; sqm: 1,228; min_sqm: 1,000; filtered: 0; spikes: 14; false;
A stasis: {avg:9,857,mediana:9,832,sqm:1,228};
min: 9,320; max: 10,104; mediana: 9,832; sqm: 1,228; min_sqm: 1,000; filtered: 0; spikes: 14; false;
-35.252;5.215;9.969;37.004;shock no free fall check for stasis
-35.252;5.215;9.969;37.004;shock no free fall check for stasis
-8.092;11.067;-4.233;14.348
-8.092;11.067;-4.233;14.348
-2.834;3.741;4.788;6.704
-2.834;3.741;4.788;6.704
-3.629;5.053;-0.154;6.223
-3.629;5.053;-0.154;6.223
-5.171;8.414;1.245;9.954
-5.171;8.414;1.245;9.954
-4.433;9.199;1.436;10.312
-4.433;9.199;1.436;10.312
-4.558;8.108;2.643;9.669
-4.558;8.108;2.643;9.669
-1.273;11.689;2.480;12.017
-1.273;11.689;2.480;12.017
-3.773;8.424;2.279;9.507
-3.773;8.424;2.279;9.507
-4.146;9.075;3.198;10.477
-4.146;9.075;3.198;10.477
-4.309;8.270;3.352;9.910
-4.309;8.270;3.352;9.910
-5.391;9.717;2.020;11.294
-5.391;9.717;2.020;11.294
-3.131;9.142;1.350;9.757
-3.131;9.142;1.350;9.757
-3.265;5.531;3.514;7.322
-3.265;5.531;3.514;7.322
-5.602;4.105;-0.144;6.946
-5.602;4.105;-0.144;6.946
-0.603;-0.406;-1.159;1.368
-0.603;-0.406;-1.159;1.368
9.788;-0.808;3.179;10.323
9.788;-0.808;3.179;10.323
0.096;2.103;-1.197;2.422
-6.205;14.821;-8.351;18.108
0.096;2.103;-1.197;2.422
-6.205;14.821;-8.351;18.108
-1.350;10.195;2.432;10.568
-1.350;10.195;2.432;10.568
0.374;9.975;0.383;9.989
0.374;9.975;0.383;9.989
-0.009;9.927;1.273;10.009
-0.009;9.927;1.273;10.009
-0.076;9.851;1.599;9.980
-0.076;9.851;1.599;9.980
-0.086;9.918;1.503;10.031
-0.086;9.918;1.503;10.031
-0.047;9.956;1.340;10.046
-0.047;9.956;1.340;10.046
-0.019;9.994;1.369;10.088
-0.019;9.994;1.369;10.088
A stasis: {avg:9,495,mediana:10,009,sqm:3,284};
min: 9,320; max: 10,104; mediana: 10,009; sqm: 3,284; min_sqm: 1,000; filtered: 0; spikes: 15; false;
A stasis: {avg:9,495,mediana:10,009,sqm:3,284};
min: 9,320; max: 10,104; mediana: 10,009; sqm: 3,284; min_sqm: 1,000; filtered: 0; spikes: 15; false;
-19.708;-0.655;8.197;21.355;shock no free fall check for stasis
-19.708;-0.655;8.197;21.355;shock no free fall check for stasis
-8.800;0.245;4.980;10.115
-8.800;0.245;4.980;10.115
-12.574;0.695;3.553;13.084
-12.574;0.695;3.553;13.084
-9.088;-0.588;4.616;10.210
-9.088;-0.588;4.616;10.210
-7.546;-3.844;4.893;9.781
-7.546;-3.844;4.893;9.781
-7.469;0.532;3.246;8.162
-7.469;0.532;3.246;8.162
-9.777;0.485;1.513;9.906
-9.777;0.485;1.513;9.906
-9.433;0.245;2.164;9.681
-9.433;0.245;2.164;9.681
-9.768;0.724;0.641;9.816
-9.768;0.724;0.641;9.816
-12.670;4.516;1.331;13.516
-12.670;4.516;1.331;13.516
-10.649;2.974;2.336;11.301
-10.649;2.974;2.336;11.301
-7.335;3.721;6.426;10.438
-7.335;3.721;6.426;10.438
-7.556;-2.982;5.296;9.697
-7.556;-2.982;5.296;9.697
-7.067;-2.082;4.367;8.564
-7.067;-2.082;4.367;8.564
-8.073;0.868;5.545;9.832
-8.073;0.868;5.545;9.832
-8.523;1.059;5.458;10.176
-8.523;1.059;5.458;10.176
-8.513;-0.914;6.215;10.580
-8.513;-0.914;6.215;10.580
-8.887;2.534;4.501;10.279
-8.887;2.534;4.501;10.279
-8.552;3.587;4.549;10.329
-8.552;3.587;4.549;10.329
-9.270;0.044;4.079;10.128
-9.270;0.044;4.079;10.128
-8.580;4.296;1.695;9.744
-8.580;4.296;1.695;9.744
-6.636;5.369;-3.965;9.412
-6.636;5.369;-3.965;9.412
-7.067;3.875;-5.478;9.745
-7.067;3.875;-5.478;9.745
-4.309;4.152;-8.265;10.204
-4.309;4.152;-8.265;10.204
-2.403;2.898;-9.089;9.838
-2.403;2.898;-9.089;9.838
-1.369;2.649;-9.338;9.802
A stasis: {avg:10,173,mediana:10,115,sqm:1,118};
min: 9,320; max: 10,104; mediana: 10,115; sqm: 1,118; min_sqm: 1,000; filtered: 0; spikes: 20; true;
fall detected
Hard Fall
-1.369;2.649;-9.338;9.802
A stasis: {avg:10,173,mediana:10,115,sqm:1,118};
min: 9,320; max: 10,104; mediana: 10,115; sqm: 1,118; min_sqm: 1,000; filtered: 0; spikes: 20; true;
fall detected
Hard Fall
-3.323;0.532;-24.948;25.174;shock no free fall check for stasis
-3.323;0.532;-24.948;25.174;shock no free fall check for stasis
-7.498;3.166;-4.224;9.170
-7.498;3.166;-4.224;9.170
-9.059;0.149;3.572;9.739
-9.059;0.149;3.572;9.739
-8.772;2.486;4.223;10.048
-8.772;2.486;4.223;10.048
-9.940;4.813;6.454;12.792
-9.940;4.813;6.454;12.792
-3.773;1.040;5.296;6.585
-3.773;1.040;5.296;6.585
-9.279;-0.703;-1.408;9.412
-9.279;-0.703;-1.408;9.412
-10.486;0.877;-5.277;11.772
-10.486;0.877;-5.277;11.772
-6.885;6.106;4.721;10.343
-6.885;6.106;4.721;10.343
-5.544;5.417;5.219;9.344
-5.544;5.417;5.219;9.344
-6.550;5.062;3.237;8.888
-6.550;5.062;3.237;8.888
-7.852;4.631;2.691;9.505
-7.852;4.631;2.691;9.505
-8.800;0.236;7.872;11.810
-8.800;0.236;7.872;11.810
-2.518;-2.369;3.198;4.710
-2.518;-2.369;3.198;4.710
-10.706;-2.245;1.302;11.016
-10.706;-2.245;1.302;11.016
-9.931;1.299;-2.864;10.417
-9.931;1.299;-2.864;10.417
-9.117;0.781;-2.222;9.416
-9.117;0.781;-2.222;9.416
-8.944;0.858;-2.442;9.311
-8.944;0.858;-2.442;9.311
-8.992;0.896;-2.462;9.366
-8.992;0.896;-2.462;9.366
-9.059;0.877;-2.375;9.406
-9.059;0.877;-2.375;9.406
-9.117;0.772;-2.289;9.431
-9.117;0.772;-2.289;9.431
-9.049;0.839;-2.423;9.406
-9.049;0.839;-2.423;9.406
-9.117;0.848;-2.414;9.469
-9.117;0.848;-2.414;9.469
-9.117;0.868;-2.433;9.475
-9.117;0.868;-2.433;9.475
-9.145;0.839;-2.328;9.474
-9.145;0.839;-2.328;9.474
-9.088;0.848;-2.490;9.461
-9.088;0.848;-2.490;9.461
A stasis: {avg:9,591,mediana:9,469,sqm:1,546};
min: 9,320; max: 10,104; mediana: 9,469; sqm: 1,546; min_sqm: 1,000; filtered: 0; spikes: 18; false;
A stasis: {avg:9,591,mediana:9,469,sqm:1,546};
min: 9,320; max: 10,104; mediana: 9,469; sqm: 1,546; min_sqm: 1,000; filtered: 0; spikes: 18; false;
31.642;0.695;-1.906;31.707;shock no free fall check for stasis
8.495;2.649;3.601;9.599
8.390;2.582;3.696;9.525
8.285;2.515;3.677;9.406
8.495;2.524;3.591;9.562
8.361;2.534;3.629;9.460
8.409;2.572;3.620;9.509
8.313;1.998;4.233;9.540
7.461;-1.977;7.240;10.582
-0.708;-3.509;8.513;9.235
-3.935;1.854;7.929;9.044
-2.681;5.599;8.896;10.848
-2.499;-1.373;9.596;10.010
-1.120;-1.230;9.634;9.776
-2.671;-0.406;9.078;9.472
-3.246;-0.100;9.145;9.705
-5.094;-0.148;7.460;9.035
-3.734;-0.942;8.303;9.153
-3.581;-1.354;8.686;9.492
-3.572;-1.421;8.523;9.350
-4.098;-1.364;8.858;9.855
-5.094;-1.373;7.977;9.564
-6.119;-0.885;8.054;10.153
-5.870;-1.038;7.795;9.813
-5.755;-0.837;7.489;9.482
-5.870;-0.808;7.565;9.610
A stasis: {avg:9,631,mediana:9,562,sqm:0,422};
min: 9,320; max: 10,104; mediana: 9,562; sqm: 0,422; min_sqm: 1,000; filtered: 0; spikes: 23; false;
-0.076;0.264;1.130;1.163;free fall
-7.852;0.408;1.503;8.005;possible fall detected
-9.385;-0.224;1.723;9.544;possible fall detected
-9.260;-0.540;1.848;9.458;possible fall detected
-9.442;-0.358;1.609;9.585;possible fall detected
-9.337;-0.291;1.771;9.508;possible fall detected
-9.346;-0.444;1.733;9.516;possible fall detected
-9.413;-0.435;1.695;9.575;possible fall detected
-9.260;-0.425;1.685;9.422;possible fall detected
-9.270;-0.377;1.599;9.414;possible fall detected
-9.251;-0.387;1.685;9.411;possible fall detected
-9.356;-0.349;1.704;9.516;possible fall detected
-9.327;-0.425;1.685;9.488;possible fall detected
-9.385;-0.406;1.762;9.557;possible fall detected
-9.413;-0.387;1.656;9.566;possible fall detected
-9.423;-0.454;1.733;9.592;possible fall detected
-9.337;-0.435;1.676;9.496;possible fall detected
-9.222;-0.301;1.733;9.388;possible fall detected
-9.394;-0.473;1.771;9.572;possible fall detected
-9.289;-0.272;1.570;9.425;possible fall detected
-9.279;-0.320;1.685;9.437;possible fall detected
-9.308;-0.262;1.656;9.458;possible fall detected
-9.231;-0.224;1.666;9.383;possible fall detected
-9.203;-0.444;1.685;9.366;possible fall detected
-9.327;-0.464;1.666;9.486;possible fall detected
-9.289;-0.387;1.771;9.464;possible fall detected
-9.346;-0.416;1.580;9.488;possible fall detected
[1616421894976] no fall
-7.536;-17.510;-6.532;20.151;shock no free fall check for stasis
2.318;2.467;7.307;8.053
4.990;0.130;4.424;6.670
10.937;-5.932;6.263;13.930
0.795;-1.699;8.925;9.120
6.800;0.513;9.663;11.827
0.451;-0.128;7.039;7.054
1.964;0.820;9.404;9.642
-2.671;2.907;9.749;10.518
-1.005;2.189;7.805;8.168
-2.748;-0.234;11.884;12.200
-3.754;1.825;6.588;7.799
-3.035;3.281;8.715;9.794
-1.455;1.911;12.009;12.247
-9.586;-0.473;8.035;12.517
-2.882;1.002;9.768;10.233
-1.570;3.990;10.256;11.116
-2.949;-1.144;8.015;8.617
-5.717;0.274;8.207;10.006
-5.717;0.236;8.647;10.369
-4.807;0.082;7.115;8.587
-3.581;3.147;10.180;11.241
-5.018;0.006;8.398;9.783
-3.773;2.036;9.691;10.597
-3.179;1.241;8.686;9.332
-4.673;1.050;7.288;8.720
A stasis: {avg:9,926,mediana:10,006,sqm:1,794};
min: 9,320; max: 10,104; mediana: 10,006; sqm: 1,794; min_sqm: 1,000; filtered: 0; spikes: 10; false;
-19.459;-15.499;20.427;32.189;shock no free fall check for stasis
-5.832;2.496;9.098;11.091
-5.190;-0.339;5.305;7.429
-4.979;1.538;8.351;9.843
-5.094;2.687;7.393;9.372
-4.012;1.021;7.508;8.574
-9.164;2.084;10.419;14.032
-2.135;7.523;5.976;9.842
-5.669;2.371;10.534;12.195
-0.574;6.106;9.892;11.639
-2.039;5.081;7.872;9.589
-4.558;4.775;3.878;7.656
-7.201;11.536;7.403;15.483
-0.517;6.077;9.529;11.313
-2.298;7.016;10.477;12.817
-0.536;5.982;5.458;8.115
-1.474;7.619;-4.339;8.891
1.590;-1.479;-14.959;15.116
3.640;-3.404;-9.654;10.864
13.197;-8.537;-7.872;17.579
2.356;-10.672;-6.388;12.659
1.485;-12.176;2.221;12.466
5.708;-8.269;-6.685;12.068
-11.788;-2.235;-8.696;14.818
-0.775;1.864;-9.539;9.750
0.020;3.932;-8.074;8.980
A stasis: {avg:11,287,mediana:11,313,sqm:2,653};
min: 9,320; max: 10,104; mediana: 11,313; sqm: 2,653; min_sqm: 1,000; filtered: 0; spikes: 6; false;
-31.344;-27.614;38.020;56.484;shock no free fall check for stasis
22.161;-20.383;-18.417;35.296
1.830;2.304;-2.509;3.867
-3.332;-7.129;0.335;7.876
0.020;-6.621;-4.540;8.028
0.403;-8.671;-1.083;8.748
0.211;-8.767;-1.715;8.935
0.757;-8.623;-1.849;8.851
0.537;-8.613;-1.743;8.804
0.575;-8.537;-1.839;8.752
0.546;-8.470;-1.858;8.688
0.499;-8.585;-1.782;8.782
0.460;-8.537;-1.839;8.745
0.460;-8.613;-1.820;8.816
0.479;-8.575;-1.724;8.760
0.479;-8.537;-1.753;8.728
0.508;-8.566;-1.724;8.752
0.451;-8.594;-1.743;8.781
0.422;-8.671;-1.734;8.853
0.566;-8.537;-1.858;8.755
0.499;-8.613;-1.782;8.810
0.489;-8.623;-1.762;8.815
0.441;-8.623;-1.810;8.822
0.422;-8.671;-1.772;8.860
0.604;-8.680;-1.475;8.826
0.604;-8.680;-1.475;8.826
A stasis: {avg:9,591,mediana:8,804,sqm:5,448};
min: 9,320; max: 10,104; mediana: 8,804; sqm: 5,448; min_sqm: 1,000; filtered: 1; spikes: 22; true;
fall detected
Hard Fall
38.222;-18.420;6.349;42.901;shock no free fall check for stasis
0.355;3.156;-8.859;9.411
11.023;-9.495;0.708;14.566
2.883;3.434;1.111;4.619
3.621;0.839;0.727;3.787
5.718;0.772;12.651;13.904
4.109;3.233;9.078;10.476
3.391;5.101;7.881;9.981
2.682;6.547;7.345;10.198
2.682;6.097;7.537;10.058
2.433;6.164;7.393;9.928
2.605;6.029;7.623;10.062
3.611;9.774;4.721;11.439
1.293;2.390;-2.969;4.025
2.912;-8.087;-4.856;9.872
-0.133;-8.786;1.503;8.915
1.179;-2.101;-11.186;11.443
-0.095;-1.297;-9.357;9.447
-3.332;2.946;-10.746;11.630
2.213;6.968;-7.671;10.597
5.593;7.811;-0.594;9.625
11.656;3.089;-2.069;12.234
9.319;0.092;-4.770;10.469
8.792;0.609;-3.362;9.433
8.639;0.580;-3.170;9.220
9.319;0.494;-2.950;9.787
A stasis: {avg:9,805,mediana:10,058,sqm:2,533};
min: 9,320; max: 10,104; mediana: 10,058; sqm: 2,533; min_sqm: 1,000; filtered: 0; spikes: 15; false;
18.599;-5.147;0.450;19.303;shock no free fall check for stasis
4.818;4.919;-4.549;8.252
6.771;6.920;-5.344;11.059
13.073;6.844;-4.817;15.522
7.662;6.355;-3.927;10.701
4.703;5.215;-1.073;7.104
9.836;7.093;0.833;12.155
7.901;7.073;2.901;10.995
6.973;3.511;1.915;8.038
7.921;2.256;2.700;8.667
7.107;4.746;3.821;9.361
6.580;5.407;3.275;9.124
7.298;6.403;5.439;11.129
7.949;5.273;4.127;10.394
6.178;2.687;3.103;7.417
5.574;-6.650;21.030;22.750
6.656;5.014;4.233;9.347
6.513;3.597;4.731;8.817
7.241;4.277;3.782;9.221
8.083;3.702;2.049;9.124
8.093;7.610;5.219;12.274
5.124;0.753;7.019;8.723
7.298;2.409;0.593;7.708
5.785;1.011;7.814;9.775
6.503;1.145;4.242;7.849
6.044;3.434;5.133;8.641
A stasis: {avg:10,166,mediana:9,347,sqm:3,213};
min: 9,320; max: 10,104; mediana: 9,347; sqm: 3,213; min_sqm: 1,000; filtered: 1; spikes: 10; false;
-14.872;25.097;-9.912;30.811;shock no free fall check for stasis
-5.784;7.725;1.934;9.842
-4.165;6.748;3.170;8.540
-4.979;7.935;3.294;9.930
-3.447;8.357;4.185;9.961
-2.758;9.123;3.160;10.041
-1.618;9.640;3.466;10.371
-1.838;9.333;2.988;9.971
-3.476;9.017;4.501;10.661
-2.987;8.730;2.901;9.673
-2.231;9.276;3.514;10.167
-3.332;8.443;3.668;9.790
-2.939;8.711;3.620;9.880
-2.939;8.663;3.850;9.925
-3.256;8.433;3.687;9.763
-3.610;8.395;2.978;9.611
-3.696;3.999;2.700;6.078
0.269;12.053;-3.726;12.619
0.594;-1.613;-0.546;1.804
-1.905;5.752;13.101;14.434
-13.196;0.465;-38.585;40.782
3.506;4.737;-20.715;21.537
0.930;-2.350;-9.711;10.035
0.681;0.073;-9.338;9.363
1.226;0.168;-9.338;9.419
0.891;0.178;-9.405;9.449
A stasis: {avg:11,346,mediana:9,930,sqm:6,918};
min: 9,320; max: 10,104; mediana: 9,930; sqm: 6,918; min_sqm: 1,000; filtered: 2; spikes: 18; false;
22.219;-8.853;-8.227;25.293;shock no free fall check for stasis
6.542;-1.958;-0.221;6.832
9.453;0.772;-3.256;10.028
9.491;0.695;-4.109;10.366
8.141;-1.105;-3.276;8.844
9.779;1.950;-5.813;11.542
8.447;-0.109;-2.318;8.760
9.664;0.456;-1.092;9.736
8.629;-0.301;-0.470;8.647
9.348;-0.176;-0.881;9.391
9.501;-0.722;-1.782;9.693
8.773;-0.751;-1.494;8.931
8.840;-0.100;-1.877;9.038
9.568;0.379;-1.312;9.665
8.428;0.465;-1.849;8.641
9.146;0.781;-2.873;9.619
9.166;0.925;-3.132;9.730
8.888;0.944;-2.366;9.246
9.261;1.442;-3.036;9.852
9.099;0.609;-2.385;9.426
7.470;-2.082;-3.486;8.503
8.610;2.218;-2.883;9.347
9.051;0.571;-3.343;9.665
10.966;4.804;-4.980;12.967
8.706;2.821;-2.337;9.445
7.413;3.377;-1.169;8.229
A stasis: {avg:9,446,mediana:9,445,sqm:1,124};
min: 9,320; max: 10,104; mediana: 9,445; sqm: 1,124; min_sqm: 1,000; filtered: 0; spikes: 21; true;
fall detected
Hard Fall
12.824;-17.415;-30.388;37.298;shock no free fall check for stasis
2.107;-0.061;-7.250;7.550
0.374;1.030;-10.219;10.277
-0.047;-0.195;-8.983;8.986
0.259;-0.895;-8.342;8.394
-0.402;-3.212;26.920;27.114
3.314;-2.293;-5.220;6.594
4.483;2.160;-8.629;9.961
4.415;2.036;-8.390;9.697
4.387;2.093;-8.236;9.564
4.339;2.132;-7.997;9.345
4.435;2.189;-8.026;9.427
4.511;2.199;-8.093;9.523
4.415;2.189;-8.054;9.443
4.483;2.160;-8.093;9.500
4.396;2.160;-8.169;9.525
4.454;2.093;-8.150;9.521
4.339;2.132;-8.064;9.402
4.368;2.189;-8.131;9.486
4.368;2.151;-8.121;9.469
4.502;2.189;-8.121;9.540
4.425;2.122;-8.102;9.473
4.368;2.084;-8.093;9.429
4.396;2.151;-8.035;9.409
4.415;2.189;-8.160;9.533
4.483;2.208;-8.121;9.536
A stasis: {avg:9,988,mediana:9,500,sqm:3,646};
min: 9,320; max: 10,104; mediana: 9,500; sqm: 3,646; min_sqm: 1,000; filtered: 1; spikes: 21; true;
fall detected
Hard Fall
-3.878;19.820;0.785;20.211;shock no free fall check for stasis
-7.354;5.196;0.517;9.020
-2.336;10.205;0.306;10.473
-4.529;8.472;3.035;10.075
-2.738;9.688;0.976;10.115
-2.193;10.243;1.666;10.607
-2.719;9.946;2.911;10.714
-2.882;9.152;0.881;9.635
8.964;1.155;3.620;9.736
8.964;1.155;3.620;9.736
8.964;1.155;3.620;9.736
8.964;1.155;3.620;9.736
8.964;1.155;3.620;9.736
8.964;1.155;3.620;9.736
8.964;1.155;3.620;9.736
8.964;1.155;3.620;9.736
8.964;1.155;3.620;9.736
8.964;1.155;3.620;9.736
8.964;1.155;3.620;9.736
8.964;1.155;3.620;9.736
8.964;1.155;3.620;9.736
8.964;1.155;3.620;9.736
8.964;1.155;3.620;9.736
8.964;1.155;3.620;9.736
8.964;1.155;3.620;9.736
8.964;1.155;3.620;9.736
A stasis: {avg:9,836,mediana:9,736,sqm:0,341};
min: 9,320; max: 10,104; mediana: 9,736; sqm: 0,341; min_sqm: 1,000; filtered: 0; spikes: 24; false;
-6.799;-19.512;-30.234;36.620;shock no free fall check for stasis
1.926;-3.825;-1.791;4.642
-13.321;-0.109;-13.791;19.174
0.949;1.844;-9.453;9.678
0.326;0.523;-9.395;9.415
1.131;0.915;-9.299;9.413
1.236;0.973;-9.290;9.422
1.265;0.935;-9.252;9.384
1.265;0.973;-9.366;9.501
1.246;0.915;-9.414;9.540
1.265;0.944;-9.414;9.546
1.246;0.973;-9.491;9.622
1.198;0.848;-9.443;9.556
1.284;0.915;-9.386;9.517
1.198;0.954;-9.424;9.548
1.274;0.887;-9.414;9.542
1.226;0.944;-9.366;9.494
1.265;0.915;-9.338;9.467
1.274;0.877;-9.319;9.446
1.179;0.801;-9.252;9.361
1.159;0.877;-9.338;9.450
1.121;0.829;-9.271;9.375
1.150;0.820;-9.386;9.491
1.159;0.915;-9.347;9.463
1.131;0.829;-9.280;9.386
1.131;0.848;-9.376;9.482
A stasis: {avg:9,677,mediana:9,491,sqm:2,204};
min: 9,320; max: 10,104; mediana: 9,491; sqm: 2,204; min_sqm: 1,000; filtered: 1; spikes: 23; true;
fall detected
Hard Fall
38.222;38.744;38.020;66.389;shock no free fall check for stasis
20.016;-8.039;-16.089;26.910
0.125;-10.835;-3.659;11.437
2.098;2.275;-2.663;4.083
4.904;-3.969;-6.493;9.053
4.971;-4.170;-6.283;9.032
4.866;-4.141;-6.446;9.076
4.933;-4.074;-6.465;9.095
4.770;-4.112;-6.436;9.005
4.837;-4.103;-6.331;8.961
4.885;-4.064;-6.369;8.997
4.904;-4.141;-6.388;9.056
4.904;-4.093;-6.436;9.068
4.904;-4.103;-6.446;9.079
4.875;-4.093;-6.398;9.025
4.808;-4.170;-6.264;8.930
4.818;-4.084;-6.331;8.942
4.942;-4.074;-6.522;9.141
4.904;-4.064;-6.589;9.164
4.866;-4.112;-6.340;8.988
4.875;-4.084;-6.350;8.987
4.875;-4.141;-6.455;9.088
4.904;-4.084;-6.465;9.084
4.827;-4.112;-6.426;9.028
4.904;-4.112;-6.369;9.029
4.866;-4.084;-6.446;9.050
A stasis: {avg:9,652,mediana:9,053,sqm:3,766};
min: 9,320; max: 10,104; mediana: 9,053; sqm: 3,766; min_sqm: 1,000; filtered: 1; spikes: 22; true;
fall detected
Hard Fall
-22.783;-9.609;-5.009;25.229;shock no free fall check for stasis
-0.210;0.772;18.310;18.328
-2.097;-10.040;5.573;11.673
-0.900;2.237;12.449;12.681
-4.386;2.544;6.933;8.589
-0.660;1.423;6.407;6.596
2.711;1.729;9.615;10.138
1.600;1.174;8.868;9.087
0.029;2.448;7.154;7.561
0.700;-0.368;14.307;14.329
-0.957;0.504;8.925;8.991
1.083;3.252;7.364;8.123
2.117;5.196;7.355;9.251
3.573;3.243;9.643;10.783
-0.296;4.909;8.753;10.040
-0.746;3.932;5.535;6.830
-5.171;5.196;5.612;9.232
-9.433;2.898;3.840;10.588
-5.315;6.326;1.781;8.452
-6.253;6.824;1.618;9.396
-11.511;5.407;2.806;13.023
-6.320;6.240;2.892;9.341
-3.830;6.489;5.640;9.412
-4.999;10.215;7.431;13.585
-1.848;7.006;5.516;9.106
-2.097;5.436;6.818;8.968
A stasis: {avg:10,164,mediana:9,396,sqm:2,597};
min: 9,320; max: 10,104; mediana: 9,396; sqm: 2,597; min_sqm: 1,000; filtered: 0; spikes: 12; false;
7.413;13.930;-14.490;21.424;shock no free fall check for stasis
7.356;0.149;-5.363;9.105
6.484;3.176;-6.158;9.490
8.045;1.337;-6.666;10.533
4.799;7.160;-2.768;9.052
5.220;6.585;-2.605;8.798
3.218;7.217;-3.477;8.633
5.105;5.330;-3.122;8.014
3.621;7.274;-5.296;9.699
1.571;7.274;-4.281;8.586
4.310;8.855;-4.789;10.951
4.712;9.650;-8.227;13.528
9.568;9.429;-2.567;13.676
4.693;8.165;0.603;9.437
4.425;6.805;0.862;8.163
5.469;7.255;-0.412;9.095
4.866;8.606;-1.437;9.990
5.316;7.667;-1.169;9.403
6.570;5.713;1.293;8.802
5.584;7.763;-0.652;9.585
5.871;9.985;0.775;11.609
5.048;8.424;-1.609;9.951
5.546;9.736;-1.561;11.313
4.607;7.600;-2.596;9.259
5.871;7.437;-6.244;11.348
5.354;8.108;-4.482;10.700
A stasis: {avg:9,949,mediana:9,585,sqm:1,472};
min: 9,320; max: 10,104; mediana: 9,585; sqm: 1,472; min_sqm: 1,000; filtered: 0; spikes: 15; false;
15.515;38.744;-7.691;42.438;shock no free fall check for stasis
8.802;8.108;3.687;12.522
5.459;4.239;4.568;8.285
5.316;-12.799;3.476;14.288
9.501;10.080;6.014;15.101
9.271;6.958;5.123;12.673
6.149;2.419;3.419;7.440
7.892;1.078;2.854;8.461
9.472;5.761;2.576;11.382
5.622;6.997;11.348;14.469
5.124;3.291;8.006;10.059
4.415;0.350;4.836;6.558
7.901;5.646;3.715;10.398
6.944;3.367;4.405;8.886
8.141;5.282;3.984;10.490
6.647;2.812;4.664;8.593
4.272;3.635;4.443;7.156
4.732;0.178;5.104;6.962
7.691;6.422;11.415;15.189
6.743;5.637;5.219;10.221
5.814;5.426;3.466;8.675
7.327;5.666;6.234;11.164
7.049;4.411;5.334;9.879
6.206;5.388;5.956;10.150
7.174;5.627;4.759;10.285
7.202;3.367;4.807;9.291
A stasis: {avg:10,343,mediana:10,221,sqm:2,518};
min: 9,320; max: 10,104; mediana: 10,221; sqm: 2,518; min_sqm: 1,000; filtered: 0; spikes: 9; false;
17.727;14.706;2.442;23.162;shock no free fall check for stasis
6.905;8.701;4.884;12.135
5.938;6.164;6.770;10.913
6.896;5.867;4.664;10.184
9.913;5.282;3.562;11.784
7.576;0.073;3.237;8.239
9.711;-1.824;-1.782;10.041
6.589;-22.308;-2.375;23.382
10.296;2.227;5.114;11.709
8.083;-2.293;2.202;8.686
5.153;-10.069;-3.065;11.719
8.045;-4.103;2.260;9.309
9.175;-1.306;-0.575;9.286
8.208;2.582;3.026;9.121
7.547;4.047;2.068;8.810
7.413;7.284;4.376;11.277
8.083;9.353;5.229;13.422
6.570;6.173;2.700;9.411
6.896;6.595;2.796;9.943
4.320;3.511;3.198;6.420
13.446;10.033;0.316;16.780
8.294;11.862;1.312;14.533
6.398;8.788;2.499;11.154
3.783;9.535;1.580;10.379
1.849;9.132;2.911;9.762
1.322;8.816;3.917;9.737
A stasis: {avg:11,125,mediana:10,379,sqm:3,320};
min: 9,320; max: 10,104; mediana: 10,379; sqm: 3,320; min_sqm: 1,000; filtered: 1; spikes: 10; false;
-4.682;22.961;1.283;23.469;shock no free fall check for stasis
-0.995;12.791;1.407;12.906
-4.242;7.954;-0.269;9.019
-4.510;8.816;0.708;9.928
-5.056;9.554;5.162;11.978
-4.165;8.941;1.360;9.957
-3.849;8.931;2.116;9.953
-5.813;8.041;1.982;10.118
-7.134;8.203;1.273;10.946
-6.837;7.054;-0.604;9.842
-11.185;6.690;2.576;13.285
-5.975;7.361;-0.604;9.500
-7.632;7.093;0.402;10.427
-6.531;7.332;0.019;9.819
-7.153;6.700;0.048;9.801
-6.387;7.772;-0.249;10.063
-5.860;4.583;0.335;7.447
-6.100;7.820;1.053;9.974
-6.033;8.491;0.067;10.416
-7.086;7.495;1.120;10.375
-5.736;8.491;0.871;10.284
-6.119;8.021;0.478;10.100
-4.721;7.830;-0.987;9.196
-6.282;8.567;-0.929;10.664
-7.077;7.801;-0.661;10.553
-3.619;7.495;1.733;8.501
A stasis: {avg:10,202,mediana:10,100,sqm:1,209};
min: 9,320; max: 10,104; mediana: 10,100; sqm: 1,209; min_sqm: 1,000; filtered: 0; spikes: 19; false;
-9.030;21.697;-33.289;40.749;shock no free fall check for stasis
-1.819;4.622;-6.819;8.436
-0.363;9.094;3.179;9.641
-2.317;10.416;1.331;10.753
-0.584;9.946;2.116;10.186
-0.880;9.812;2.020;10.057
-0.746;9.851;1.886;10.057
-0.679;9.793;1.982;10.015
-0.641;9.831;1.972;10.048
-0.737;9.822;1.905;10.032
-0.775;9.707;1.982;9.938
-0.708;9.784;2.068;10.025
-0.756;9.745;2.078;9.993
-0.708;9.774;1.934;9.989
-0.746;9.803;2.030;10.038
-0.766;9.822;1.992;10.051
-0.718;9.764;1.982;9.989
-0.737;9.822;1.944;10.039
-0.651;9.784;1.982;10.004
-0.708;9.812;1.963;10.032
-0.651;9.879;1.953;10.092
-0.612;9.870;1.915;10.072
-0.679;9.831;2.049;10.066
-0.785;9.822;1.982;10.051
-0.679;9.822;2.049;10.056
-0.670;9.755;1.982;9.977
A stasis: {avg:9,985,mediana:10,039,sqm:0,366};
min: 9,320; max: 10,104; mediana: 10,039; sqm: 0,366; min_sqm: 1,000; filtered: 0; spikes: 24; false;
4.569;-18.679;-38.585;43.111;shock no free fall check for stasis
-2.652;-9.188;-3.611;10.222
2.902;-4.764;-4.090;6.917
6.005;-8.489;-1.418;10.495
3.285;-7.225;-3.276;8.586
11.043;-3.155;1.819;11.628
9.108;-2.245;-0.901;9.424
10.717;-2.647;5.171;12.190
8.917;-2.647;1.628;9.443
9.740;-6.372;-6.522;13.342
6.877;-3.365;-0.450;7.669
6.599;-6.420;-4.636;10.308
6.503;-4.103;1.312;7.800
1.408;-2.216;-9.338;9.700
5.795;-7.799;0.660;9.739
4.329;-3.768;-4.741;7.444
4.760;-4.955;-9.395;11.640
1.016;-2.513;-6.072;6.650
4.071;-5.903;-11.234;13.327
2.883;-3.452;-8.466;9.587
3.065;-3.193;-9.855;10.803
2.922;-3.452;-8.074;9.254
1.887;-4.687;-6.982;8.618
3.180;-3.777;-7.327;8.835
1.983;-4.610;-8.026;9.466
2.711;-3.519;-8.600;9.680
A stasis: {avg:9,711,mediana:9,680,sqm:1,780};
min: 9,320; max: 10,104; mediana: 9,680; sqm: 1,780; min_sqm: 1,000; filtered: 0; spikes: 12; false;
-11.425;17.445;5.995;21.698;shock no free fall check for stasis
0.930;8.711;1.245;8.848
-3.830;8.414;4.501;10.282
-4.098;6.029;4.644;8.644
-7.661;8.768;-0.125;11.644
-7.105;12.264;1.015;14.210
-3.370;9.017;-1.063;9.685
-6.464;5.531;3.533;9.212
-5.209;10.760;4.673;12.836
-8.484;8.567;4.099;12.735
-4.855;7.083;2.796;9.031
-4.491;8.424;2.786;9.944
-5.343;7.361;4.395;10.102
-7.354;5.110;2.786;9.379
-6.081;7.629;2.882;10.173
-5.315;7.993;3.016;10.061
-5.860;6.068;3.917;9.301
-5.238;7.686;3.572;9.964
-5.640;6.575;2.825;9.112
-5.765;7.274;3.917;10.074
-5.564;6.671;3.399;9.328
-5.401;7.677;3.265;9.938
-6.933;6.029;3.907;9.984
-5.870;6.470;5.047;10.089
-5.765;7.562;3.428;10.108
-5.477;7.897;3.955;10.393
A stasis: {avg:10,203,mediana:10,061,sqm:1,326};
min: 9,320; max: 10,104; mediana: 10,061; sqm: 1,326; min_sqm: 1,000; filtered: 0; spikes: 18; false;
-5.745;8.213;-23.100;25.180;shock no free fall check for stasis
-6.617;14.084;4.558;16.214
-6.665;8.232;3.265;11.084
-4.864;8.088;3.840;10.190
-2.288;10.502;6.052;12.335
-6.923;9.602;4.242;12.575
-5.315;7.035;2.154;9.076
-4.501;9.219;3.706;10.907
-5.324;8.165;3.227;10.268
-6.263;6.891;3.773;10.047
-5.784;7.179;3.074;9.718
-5.161;6.776;3.265;9.123
-5.966;6.652;3.840;9.725
-6.598;7.361;3.505;10.488
-4.711;7.859;2.844;9.594
-5.793;4.392;4.051;8.322
-5.113;7.083;4.683;9.912
-6.129;7.734;2.308;10.134
-5.487;7.954;3.505;10.279
-5.592;7.820;3.620;10.273
-7.297;6.891;3.361;10.585
-5.449;4.794;1.886;7.499
-5.573;8.108;4.194;10.695
-6.291;6.499;3.476;9.690
-6.540;6.978;2.643;9.922
-5.698;7.045;4.089;9.940
A stasis: {avg:10,344,mediana:10,190,sqm:1,610};
min: 9,320; max: 10,104; mediana: 10,190; sqm: 1,610; min_sqm: 1,000; filtered: 0; spikes: 18; false;
-27.868;24.388;-6.618;37.619;shock no free fall check for stasis
-5.286;11.651;11.971;17.521
-7.038;8.299;2.528;11.172
-6.119;7.859;0.421;9.969
-6.579;7.629;0.967;10.120
-6.205;8.184;0.900;10.310
-5.813;8.108;0.737;10.003
-6.454;7.188;1.570;9.787
-6.023;7.294;1.733;9.617
-6.263;6.393;2.078;9.188
-5.487;6.997;1.474;9.013
-4.472;3.654;0.297;5.783
-2.796;3.291;-1.399;4.539
4.023;-3.088;-3.065;5.925
-11.654;38.476;-38.585;55.723
-4.031;8.299;11.559;14.790
-3.265;-9.332;4.788;10.985
-2.509;-7.196;3.495;8.384
-5.027;-5.827;4.893;9.120
-4.797;-5.922;4.999;9.115
-4.807;-5.827;5.018;9.068
-4.874;-5.817;5.094;9.140
-4.797;-5.836;4.999;9.059
-4.855;-5.827;5.056;9.115
-4.836;-5.846;5.094;9.138
-4.845;-5.874;4.970;9.093
A stasis: {avg:11,427,mediana:9,188,sqm:9,567};
min: 9,320; max: 10,104; mediana: 9,188; sqm: 9,567; min_sqm: 1,000; filtered: 1; spikes: 15; false;
-3.437;-8.077;20.484;22.286;shock no free fall check for stasis
-8.638;-3.681;5.717;10.993
-6.512;1.921;-19.700;20.837
7.126;-17.108;7.364;19.942
1.868;1.586;0.680;2.543
5.306;-1.258;-6.206;8.262
7.825;5.273;3.035;9.912
8.658;2.476;1.743;9.172
9.290;1.136;1.896;9.549
9.175;1.557;2.068;9.533
9.252;1.538;1.877;9.565
9.185;1.509;1.982;9.517
9.482;1.749;1.877;9.822
9.271;1.548;1.800;9.570
9.185;1.480;1.934;9.502
9.242;1.442;1.934;9.552
9.060;1.969;1.752;9.436
9.376;1.988;1.168;9.656
13.743;-4.668;-0.565;14.525
5.431;-5.271;9.031;11.783
2.720;-2.398;6.339;7.303
1.571;3.061;5.296;6.315
-4.855;0.896;10.132;11.271
2.242;-3.614;12.019;12.749
-3.265;2.036;5.947;7.083
1.504;5.062;11.291;12.465
A stasis: {avg:10,434,mediana:9,570,sqm:3,775};
min: 9,320; max: 10,104; mediana: 9,570; sqm: 3,775; min_sqm: 1,000; filtered: 2; spikes: 12; false;
14.165;-8.642;-23.387;28.675;shock no free fall check for stasis
26.011;1.174;-7.595;27.123
12.010;10.751;-0.020;16.119
9.166;6.460;2.394;11.466
7.767;6.595;3.687;10.836
6.082;4.488;4.970;9.046
6.034;4.986;5.257;9.429
7.308;5.867;4.280;10.303
7.116;5.742;4.041;9.997
6.216;5.129;4.788;9.374
6.599;5.455;4.501;9.673
7.298;5.972;4.060;10.267
6.695;5.512;4.386;9.718
6.733;5.541;4.357;9.748
7.011;5.838;4.252;10.065
6.791;5.579;4.453;9.852
6.858;5.589;4.290;9.832
6.743;5.541;4.367;9.759
6.810;5.560;4.376;9.820
6.848;5.608;4.338;9.857
6.704;5.541;4.357;9.728
6.829;5.589;4.367;9.846
6.733;5.560;4.367;9.763
6.848;5.656;4.386;9.906
6.724;5.503;4.395;9.737
6.752;5.627;4.319;9.793
A stasis: {avg:10,842,mediana:9,846,sqm:3,641};
min: 9,320; max: 10,104; mediana: 9,846; sqm: 3,641; min_sqm: 1,000; filtered: 1; spikes: 21; true;
fall detected
Hard Fall
11.387;5.848;14.872;19.623;shock no free fall check for stasis
10.162;2.601;16.070;19.190
7.901;13.365;-2.241;15.687
9.003;2.285;12.804;15.818
4.550;8.041;-2.126;9.480
6.771;5.541;4.386;9.787
6.724;5.493;4.405;9.736
6.800;5.560;4.338;9.797
6.877;5.608;4.328;9.873
6.762;5.560;4.328;9.766
2.031;2.735;-2.701;4.347
9.951;6.853;9.749;15.525
6.695;-1.402;9.394;11.621
4.281;-2.513;5.276;7.245
10.018;9.669;7.268;15.706
6.800;5.551;4.395;9.817
6.762;5.493;4.367;9.745
6.714;6.039;4.606;10.137
6.973;5.694;5.487;10.543
7.336;5.694;3.907;10.075
9.185;1.844;11.932;15.170
10.765;6.451;7.498;14.619
4.358;2.630;6.924;8.593
8.897;8.290;0.316;12.165
4.119;3.520;5.832;7.960
6.829;5.819;4.127;9.876
A stasis: {avg:11,291,mediana:10,075,sqm:3,379};
min: 9,320; max: 10,104; mediana: 10,075; sqm: 3,379; min_sqm: 1,000; filtered: 1; spikes: 12; false;
-38.383;37.853;11.090;55.037;shock no free fall check for stasis
37.772;34.559;7.537;51.747
14.203;13.940;-11.291;22.881
8.783;4.373;4.357;10.735
2.969;3.185;6.675;7.970
6.120;3.482;6.435;9.539
7.576;4.909;4.625;10.143
6.944;9.535;3.045;12.182
10.717;4.784;1.254;11.803
7.356;5.551;2.298;9.497
6.752;5.033;3.687;9.194
7.126;5.570;3.572;9.724
7.442;5.800;3.026;9.908
7.490;5.962;2.949;10.017
6.992;5.426;3.332;9.457
7.059;5.340;3.399;9.481
7.461;5.962;3.016;10.016
7.490;5.876;3.035;9.992
7.126;5.426;3.352;9.563
7.164;5.570;3.275;9.647
7.289;5.713;3.150;9.782
7.289;5.599;3.227;9.741
7.231;5.627;3.198;9.705
7.298;5.742;3.160;9.809
7.193;5.589;3.217;9.660
7.327;5.646;3.122;9.763
A stasis: {avg:12,078,mediana:9,782,sqm:8,699};
min: 9,320; max: 10,104; mediana: 9,782; sqm: 8,699; min_sqm: 1,000; filtered: 2; spikes: 20; true;
fall detected
Hard Fall
1.495;1.193;-0.029;1.913;free fall
13.073;4.354;-14.260;19.829;shock T_DURATION: 411
8.045;3.750;-27.735;29.121
-0.708;4.650;7.077;8.498
2.481;1.864;6.071;6.818
8.706;5.742;2.672;10.766
5.498;0.350;4.089;6.861
8.352;7.342;0.239;11.122
3.879;2.295;2.528;5.168
8.064;5.560;3.830;10.518
7.470;6.307;2.672;10.135
6.407;5.838;3.189;9.236
7.097;5.618;3.399;9.669
6.666;5.560;3.352;9.305
A stasis: {avg:10,601,mediana:9,902,sqm:6,106};
min: 9,320; max: 10,104; mediana: 9,902; true;
fall detected
Soft Fall
23.330;17.388;9.232;30.526;shock no free fall check for stasis
9.510;-23.438;-9.003;26.849
14.031;7.016;-8.054;17.634
2.912;-0.004;8.983;9.443
1.686;1.605;5.564;6.031
6.925;10.732;0.766;12.795
7.470;-6.363;2.039;10.023
6.800;5.541;2.739;9.189
6.053;5.618;4.204;9.267
4.511;3.635;5.880;8.255
8.093;6.930;3.524;11.222
6.829;4.229;2.241;8.339
8.428;4.775;4.060;10.503
6.283;4.497;5.152;9.287
6.465;5.168;5.104;9.724
6.800;4.670;4.491;9.392
6.695;4.727;4.970;9.585
7.011;5.062;4.884;9.931
7.001;5.330;5.047;10.144
6.704;4.717;4.970;9.587
6.848;4.976;4.798;9.730
6.905;4.986;4.951;9.852
6.838;4.909;4.826;9.703
6.791;4.976;4.855;9.718
6.838;4.890;4.932;9.747
6.944;5.014;4.903;9.869
A stasis: {avg:10,633,mediana:9,730,sqm:3,907};
min: 9,320; max: 10,104; mediana: 9,730; sqm: 3,907; min_sqm: 1,000; filtered: 1; spikes: 18; false;
-24.641;11.067;5.841;27.636;shock no free fall check for stasis
-6.751;6.183;3.064;9.654
-3.179;9.228;2.317;10.032
-6.186;8.539;2.327;10.798
-1.829;9.946;1.264;10.192
-5.506;7.715;2.336;9.762
-2.997;9.401;1.254;9.946
-8.168;4.152;-0.000;9.163
-2.767;11.699;4.970;13.009
-4.414;8.146;3.706;9.979
-3.074;10.090;2.633;10.872
-5.468;12.312;1.838;13.596
-4.338;8.835;3.409;10.416
-3.916;8.826;2.633;10.008
-4.089;8.682;2.700;9.969
-3.964;8.883;2.777;10.116
-3.888;8.711;2.691;9.911
-4.041;8.721;2.786;10.007
-4.117;8.711;2.882;10.057
-4.098;8.692;2.949;10.052
-4.117;8.654;2.854;9.999
-4.137;8.663;2.988;10.054
-4.108;8.730;2.873;10.067
-4.022;8.663;2.988;10.007
-4.031;8.816;2.786;10.087
-4.137;8.596;3.074;10.023
A stasis: {avg:10,311,mediana:10,052,sqm:0,960};
min: 9,320; max: 10,104; mediana: 10,052; sqm: 0,960; min_sqm: 1,000; filtered: 0; spikes: 23; false;
0.719;0.705;0.115;1.013;free fall
21.644;-10.807;-1.312;24.228;shock T_DURATION: 200
-0.066;-2.235;-1.830;2.889
-0.775;12.915;16.960;21.332
0.307;1.634;10.659;10.787
1.935;0.695;7.901;8.164
6.503;5.062;5.209;9.750
6.158;6.451;3.332;9.521
8.189;7.571;3.083;11.571
8.495;5.694;3.045;10.671
5.708;5.570;5.966;9.960
4.894;4.373;6.014;8.902
5.153;4.488;6.502;9.432
6.158;5.005;5.535;9.675
A stasis: {avg:10,221,mediana:9,855,sqm:4,126};
min: 9,320; max: 10,104; mediana: 9,855; true;
fall detected
Soft Fall
-33.260;-2.800;-6.101;33.930;shock no free fall check for stasis
10.229;-6.392;15.294;19.478
-1.082;-3.116;12.785;13.203
-7.776;-4.764;12.880;15.782
-5.267;-2.867;6.330;8.719
0.317;-2.369;7.249;7.633
-2.030;0.159;12.325;12.492
0.173;-0.157;8.437;8.440
0.719;0.283;9.739;9.770
0.479;-0.042;9.864;9.875
0.422;-0.128;9.950;9.960
0.441;-0.023;9.921;9.931
0.441;-0.128;9.854;9.865
0.422;-0.128;9.902;9.912
0.393;-0.100;9.864;9.872
0.336;-0.148;9.873;9.880
0.307;-0.167;9.979;9.985
0.479;-0.052;10.007;10.019
0.422;-0.090;9.816;9.825
0.451;-0.071;9.931;9.941
0.355;-0.167;10.084;10.092
0.355;-0.157;9.806;9.814
0.441;-0.128;9.902;9.913
0.345;-0.195;10.017;10.025
0.326;-0.081;9.969;9.975
0.422;-0.042;9.912;9.921
A stasis: {avg:10,573,mediana:9,931,sqm:2,427};
min: 9,320; max: 10,104; mediana: 9,931; sqm: 2,427; min_sqm: 1,000; filtered: 1; spikes: 18; false;
3.937;18.834;-38.585;43.116;shock no free fall check for stasis
-25.253;-37.066;38.020;58.797
1.255;-0.626;7.680;7.807
10.095;7.428;4.357;13.269
14.423;4.421;0.469;15.093
7.834;4.191;3.926;9.714
5.526;4.239;5.679;8.986
6.781;3.741;6.100;9.858
5.977;2.237;7.709;10.008
2.749;0.915;8.466;8.948
5.574;1.653;8.169;10.027
6.666;2.716;7.010;10.047
7.164;3.022;6.770;10.310
5.402;1.950;8.044;9.884
5.488;1.088;8.964;10.566
5.641;1.998;8.236;10.180
5.546;1.883;8.035;9.942
3.975;1.184;8.370;9.341
5.479;1.998;7.920;9.835
6.187;2.304;7.795;10.215
4.904;1.624;8.264;9.746
5.057;1.749;8.293;9.870
5.364;1.777;8.102;9.877
4.607;1.366;8.446;9.718
5.287;1.844;8.044;9.801
5.220;1.835;8.169;9.866
A stasis: {avg:12,068,mediana:9,884,sqm:9,830};
min: 9,320; max: 10,104; mediana: 9,884; sqm: 9,830; min_sqm: 1,000; filtered: 1; spikes: 21; true;
fall detected
Hard Fall
-0.220;1.749;0.421;1.812;free fall
0.728;38.744;-38.585;54.685;shock T_DURATION: 200
18.034;5.962;0.364;18.997
1.303;-2.781;9.270;9.766
5.842;1.911;7.776;9.912
5.297;1.413;8.322;9.965
4.866;1.050;8.600;9.936
5.057;1.251;8.341;9.834
5.019;1.231;8.312;9.788
5.009;1.299;8.331;9.808
4.913;1.308;8.360;9.785
4.894;1.241;8.379;9.783
4.981;1.222;8.389;9.832
4.952;1.203;8.370;9.799
A stasis: {avg:10,600,mediana:9,833,sqm:2,645};
min: 9,320; max: 10,104; mediana: 9,833; true;
fall detected
Soft Fall
-0.258;-0.195;-1.169;1.213;free fall
-9.864;14.371;-35.377;39.438;shock T_DURATION: 200
12.623;5.780;2.490;14.105
1.686;0.417;12.239;12.361
4.540;-5.903;14.279;16.104
3.439;-1.431;5.267;6.451
6.848;-3.921;14.327;16.356
5.287;2.438;3.342;6.713
6.091;-0.023;7.479;9.646
6.130;0.006;7.498;9.685
6.044;0.034;7.431;9.579
6.053;-0.081;7.565;9.689
6.206;-4.697;14.192;16.186
8.926;0.887;11.406;14.510
A stasis: {avg:11,782,mediana:13,233,sqm:3,624};
min: 9,320; max: 10,104; mediana: 13,233; false;
17.277;10.511;-1.686;20.294;shock no free fall check for stasis
5.067;3.128;6.579;8.873
4.147;8.136;-2.174;9.388
2.510;7.313;1.417;7.860
4.310;12.254;0.019;12.990
-1.129;9.353;-0.336;9.427
0.652;9.429;1.034;9.508
-2.681;7.466;4.568;9.154
-4.175;7.658;6.186;10.693
-3.236;6.834;6.876;10.220
-4.462;11.029;3.438;12.384
-4.338;8.184;4.644;10.362
-6.243;6.039;6.464;10.827
-15.006;22.722;-5.727;27.826
0.815;5.187;-1.648;5.503
-4.769;6.489;0.938;8.107
-4.682;7.227;3.687;9.367
-5.669;6.863;5.794;10.621
-5.669;6.930;3.313;9.546
-4.893;7.227;3.706;9.482
-4.702;8.845;5.688;11.519
-6.014;3.674;3.275;7.771
-5.056;7.361;4.836;10.155
-5.717;5.359;4.941;9.264
-4.453;8.462;3.945;10.344
-4.587;7.274;5.248;10.074
A stasis: {avg:10,451,mediana:10,074,sqm:3,922};
min: 9,320; max: 10,104; mediana: 10,074; sqm: 3,922; min_sqm: 1,000; filtered: 1; spikes: 16; false;
21.702;38.744;-38.585;58.829;shock no free fall check for stasis
32.437;-16.524;38.020;52.637
-2.671;-1.450;-0.556;3.090
8.198;8.280;1.302;11.725
6.915;1.136;3.304;7.747
5.536;3.875;6.541;9.404
-0.928;-0.167;8.772;8.823
6.771;5.761;5.497;10.453
8.285;5.800;4.807;11.197
7.356;5.148;5.746;10.659
5.402;3.137;7.230;9.555
4.186;3.099;8.102;9.631
6.647;4.047;7.000;10.467
4.329;4.708;5.899;8.701
5.651;3.827;7.623;10.232
5.488;3.635;7.422;9.920
5.440;3.836;7.479;10.013
5.708;3.875;7.470;10.168
5.325;3.674;7.508;9.911
5.182;3.530;7.498;9.774
5.507;3.683;7.460;9.977
5.143;3.530;7.546;9.791
5.383;3.664;7.450;9.895
5.306;3.607;7.441;9.825
5.335;3.635;7.374;9.800
5.373;3.664;7.508;9.933
A stasis: {avg:11,333,mediana:9,920,sqm:8,746};
min: 9,320; max: 10,104; mediana: 9,920; sqm: 8,746; min_sqm: 1,000; filtered: 1; spikes: 18; false;
3.707;18.115;12.057;22.074;shock no free fall check for stasis
-2.528;1.136;6.560;7.121
0.719;5.886;7.489;9.552
-4.146;4.823;8.207;10.383
-3.485;8.682;3.830;10.109
-4.491;6.116;8.341;11.276
-4.117;8.213;5.736;10.831
-5.583;4.804;4.520;8.641
-5.401;8.577;4.137;10.947
-4.836;9.132;1.982;10.522
-4.979;8.136;0.364;9.546
-4.740;8.251;1.982;9.720
-5.286;8.414;1.321;10.024
-7.728;5.780;2.806;10.050
-5.477;8.510;0.785;10.151
-6.454;8.050;1.417;10.415
-6.042;8.797;0.565;10.687
-6.291;7.284;2.068;9.845
-4.635;8.462;1.158;9.717
-7.211;9.784;4.903;13.105
-5.056;9.094;1.695;10.542
-5.123;8.328;1.158;9.846
-5.621;8.290;3.639;10.656
-6.023;7.849;1.656;10.031
-6.483;8.424;0.603;10.647
-5.362;7.897;2.049;9.763
A stasis: {avg:10,165,mediana:10,151,sqm:1,025};
min: 9,320; max: 10,104; mediana: 10,151; sqm: 1,025; min_sqm: 1,000; filtered: 0; spikes: 21; true;
fall detected
Hard Fall
11.742;38.744;38.020;55.538;shock no free fall check for stasis
17.469;24.695;38.020;48.585
5.929;5.321;1.896;8.189
7.269;5.235;4.424;9.991
2.749;4.373;6.483;8.289
11.991;5.618;9.165;16.104
9.357;7.926;1.867;12.404
7.959;5.618;2.825;10.143
7.681;6.058;1.896;9.965
7.423;5.417;2.547;9.535
6.340;4.861;4.204;9.028
7.394;5.148;3.773;9.768
6.858;5.187;3.917;9.448
7.499;5.311;3.543;9.849
7.528;5.292;3.390;9.806
7.241;5.512;3.409;9.718
7.279;5.215;3.648;9.669
7.279;5.445;3.495;9.739
7.317;5.350;3.371;9.671
7.231;5.225;3.601;9.620
7.221;5.302;3.486;9.613
7.394;5.417;3.419;9.782
7.356;5.330;3.486;9.730
7.231;5.359;3.601;9.694
7.298;5.417;3.438;9.717
7.317;5.397;3.591;9.776
A stasis: {avg:11,513,mediana:9,739,sqm:7,862};
min: 9,320; max: 10,104; mediana: 9,739; sqm: 7,862; min_sqm: 1,000; filtered: 1; spikes: 20; true;
fall detected
Hard Fall
-0.076;1.452;-0.910;1.715;free fall
30.809;-23.017;38.020;54.078;shock T_DURATION: 200
-0.833;4.373;8.523;9.615
9.711;8.759;3.993;13.674
8.926;6.106;2.432;11.085
3.726;4.018;8.082;9.765
8.361;5.455;5.966;11.630
7.183;4.219;5.056;9.745
7.700;5.599;2.767;9.914
7.691;5.828;3.840;10.386
4.272;5.369;7.517;10.178
6.858;4.794;4.759;9.626
7.614;6.020;4.788;10.823
5.900;6.202;4.328;9.592
A stasis: {avg:10,503,mediana:10,282,sqm:1,196};
min: 9,320; max: 10,104; mediana: 10,282; false;
18.120;12.781;0.651;22.184;shock no free fall check for stasis
7.394;6.173;2.777;10.024
6.522;6.183;4.951;10.261
7.557;5.618;2.959;9.870
7.154;5.043;3.572;9.454
6.130;4.813;4.893;9.203
6.963;5.005;6.588;10.814
7.087;4.832;5.382;10.127
7.825;6.231;4.778;11.085
7.413;5.148;4.405;10.043
6.848;4.765;4.846;9.648
6.206;5.177;4.453;9.228
6.197;4.124;5.075;9.009
6.733;4.172;3.917;8.836
7.652;6.001;3.045;10.190
5.909;4.440;6.502;9.844
6.589;5.081;5.152;9.787
5.660;3.597;7.709;10.218
5.162;2.314;4.031;6.947
7.049;4.947;4.443;9.691
6.925;5.723;5.774;10.679
6.465;4.287;4.472;8.954
7.892;5.033;4.606;10.432
7.145;5.522;5.056;10.349
6.685;5.081;5.545;10.063
6.791;4.105;4.156;8.957
A stasis: {avg:9,748,mediana:10,024,sqm:0,839};
min: 9,320; max: 10,104; mediana: 10,024; sqm: 0,839; min_sqm: 1,000; filtered: 0; spikes: 19; false;
38.222;38.744;-38.585;66.714;shock no free fall check for stasis
13.389;8.682;6.100;17.084
-0.545;-0.167;3.840;3.882
3.046;0.638;8.293;8.858
7.231;4.152;3.284;8.962
12.671;7.370;1.896;14.780
7.949;6.144;3.246;10.559
7.298;5.158;6.043;10.788
4.540;1.193;7.460;8.814
7.585;4.248;4.798;9.930
7.212;5.177;4.606;10.002
7.633;5.139;4.491;10.239
7.279;3.999;5.200;9.799
5.871;3.645;6.033;9.173
7.049;4.497;5.257;9.877
7.509;4.842;4.893;10.187
6.848;4.373;5.411;9.762
6.484;4.143;5.516;9.467
6.915;4.392;5.439;9.833
7.107;4.516;5.209;9.901
6.905;4.363;5.296;9.735
6.714;4.401;5.535;9.751
6.982;4.507;5.267;9.839
6.915;4.488;5.190;9.741
6.848;4.344;5.286;9.680
6.858;4.468;5.286;9.743
A stasis: {avg:10,015,mediana:9,833,sqm:2,206};
min: 9,320; max: 10,104; mediana: 9,833; sqm: 2,206; min_sqm: 1,000; filtered: 0; spikes: 21; true;
fall detected
Hard Fall
9.348;-1.958;20.772;22.862;shock no free fall check for stasis
7.049;0.034;18.109;19.433
6.829;4.401;5.430;9.772
6.829;4.325;5.276;9.653
6.867;4.411;5.276;9.719
6.925;4.440;5.305;9.788
6.810;4.354;5.430;9.737
6.216;10.435;-9.012;15.124
9.798;-0.770;19.134;21.510
14.289;2.812;6.263;15.853
3.908;2.448;13.302;14.078
6.752;6.547;-6.130;11.226
7.336;4.823;4.999;10.103
6.350;4.401;4.424;8.903
6.848;3.932;3.332;8.571
7.097;5.302;5.171;10.257
7.940;5.417;4.893;10.785
0.058;6.039;-5.775;8.356
-0.469;3.415;-2.232;4.106
0.202;2.812;2.834;3.997
2.797;4.354;-4.492;6.852
2.586;4.976;-4.741;7.343
6.599;4.737;5.487;9.803
6.666;4.641;5.420;9.765
6.293;4.775;6.359;10.140
6.580;4.746;5.363;9.725
A stasis: {avg:10,584,mediana:9,788,sqm:4,013};
min: 9,320; max: 10,104; mediana: 9,788; sqm: 4,013; min_sqm: 1,000; filtered: 2; spikes: 12; false;
38.222;20.021;38.020;57.508;shock no free fall check for stasis
3.113;-37.784;9.624;39.115
3.314;-10.826;7.450;13.553
-5.678;-4.294;10.237;12.469
-2.872;-1.144;8.724;9.256
-5.334;-4.103;8.264;10.657
-4.213;-2.877;7.929;9.429
-3.485;-2.551;8.418;9.461
-3.083;-2.082;8.992;9.731
-3.121;-1.929;8.887;9.615
-2.959;-1.986;9.241;9.905
-2.978;-1.709;9.481;10.083
-2.767;-1.507;9.423;9.936
-2.039;0.188;8.456;8.700
-37.703;37.863;-8.275;54.070
11.656;-10.155;4.070;15.986
9.261;9.506;2.786;13.561
5.584;3.578;7.460;9.982
4.080;3.750;7.316;9.178
4.923;4.401;5.956;8.893
7.432;2.572;-0.604;7.888
6.905;6.700;3.390;10.201
6.158;5.752;4.769;9.683
5.086;4.344;4.577;8.105
7.154;6.662;2.940;10.208
6.685;5.780;3.648;9.561
A stasis: {avg:13,169,mediana:9,936,sqm:10,448};
min: 9,320; max: 10,104; mediana: 9,936; sqm: 10,448; min_sqm: 1,000; filtered: 2; spikes: 15; false;
-2.604;18.680;11.990;22.349;shock no free fall check for stasis
-9.701;5.350;10.007;14.929
-2.451;6.681;3.246;7.822
-2.576;9.190;-0.929;9.589
-7.345;7.859;-0.910;10.795
-6.464;8.060;1.225;10.404
-5.401;7.035;1.992;9.090
-6.655;7.322;0.833;9.930
-6.454;7.715;3.055;10.512
-5.975;8.462;2.413;10.636
-6.129;8.261;2.547;10.597
-4.338;5.915;3.189;7.998
-8.303;6.451;3.505;11.083
-4.127;11.297;-0.862;12.058
-7.737;6.307;1.762;10.137
-7.450;8.452;1.848;11.418
-5.209;8.606;2.480;10.361
-5.497;9.219;0.747;10.759
-6.445;7.859;0.373;10.170
-7.105;8.347;1.427;11.054
-5.066;8.682;2.882;10.457
-5.535;8.443;2.011;10.294
-7.737;7.887;-0.642;11.068
-5.037;12.245;3.246;13.632
-6.215;7.322;2.269;9.869
-7.546;7.705;1.733;10.923
A stasis: {avg:10,623,mediana:10,597,sqm:1,457};
min: 9,320; max: 10,104; mediana: 10,597; sqm: 1,457; min_sqm: 1,000; filtered: 0; spikes: 19; false;
11.675;36.350;-38.585;54.281;shock no free fall check for stasis
22.516;8.424;-29.334;37.926
7.308;9.678;8.054;14.558
2.778;4.344;4.740;7.004
-1.513;2.467;5.679;6.373
7.193;6.978;4.520;10.993
10.688;4.411;3.763;12.160
8.112;7.093;3.859;11.446
5.565;7.380;5.880;10.954
4.913;2.984;5.717;8.107
7.423;6.614;4.960;11.110
6.015;6.671;4.644;10.112
7.298;5.148;5.027;10.249
6.168;4.928;5.966;9.896
7.001;3.894;5.142;9.520
6.743;5.397;4.836;9.899
6.235;4.995;5.363;9.622
6.551;4.995;5.334;9.814
6.599;5.225;4.989;9.785
6.465;4.852;5.296;9.663
6.379;4.756;5.209;9.510
6.522;5.014;5.133;9.697
6.475;4.775;5.305;9.637
6.609;5.014;5.114;9.745
6.513;4.986;5.267;9.747
9.099;-3.605;6.023;11.492
A stasis: {avg:11,161,mediana:9,896,sqm:5,795};
min: 9,320; max: 10,104; mediana: 9,896; sqm: 5,795; min_sqm: 1,000; filtered: 1; spikes: 14; false;
