[20210319 16:28:15]	-1.601	9.083	3.165	9.751
[20210319 16:28:15]	-1.563	9.083	3.088	9.720
[20210319 16:28:15]	-1.678	9.045	2.983	9.671
[20210319 16:28:15]	-1.745	9.035	3.203	9.744
[20210319 16:28:15]	-1.592	9.045	2.983	9.656
[20210319 16:28:16]	-1.515	9.016	3.184	9.681
[20210319 16:28:16]	-1.036	9.198	2.868	9.690
[20210319 16:28:16]	-1.438	9.131	2.859	9.676
[20210319 16:28:16]	-1.735	9.217	2.859	9.805
[20210319 16:28:16]	-1.592	9.074	2.993	9.686
[20210319 16:28:17]	-1.506	9.064	2.974	9.657
[20210319 16:28:17]	-1.860	9.179	3.060	9.853
[20210319 16:28:17]	-1.180	9.610	2.150	9.918
[20210319 16:28:17]	-1.343	9.102	3.021	9.684
[20210319 16:28:18]	-0.873	8.758	2.859	9.254
[20210319 16:28:18]	-2.032	9.045	3.433	9.886
[20210319 16:28:18]	-1.046	9.064	3.357	9.722
[20210319 16:28:18]	-1.381	9.026	3.050	9.627
[20210319 16:28:18]	-1.381	9.150	2.945	9.711
[20210319 16:28:19]	-1.486	9.160	3.021	9.759
[20210319 16:28:19]	-1.707	9.054	3.050	9.706
[20210319 16:28:19]	-2.358	9.418	2.763	10.094
[20210319 16:28:19]	-2.588	8.901	3.395	9.872
[20210319 16:28:19]	-1.008	8.777	2.188	9.101
[20210319 16:28:20]	-3.181	9.131	-1.212	9.745
[20210319 16:28:20]	0.525	3.548	0.349	3.603
[20210319 16:28:20]	-2.712	0.713	-0.340	2.825
[20210319 16:28:20]	-38.300	37.517	4.190	53.777	shock no free fall check for stasis
[20210319 16:28:20]	29.715	5.406	-38.753	49.132	stasis
[20210319 16:28:21]	6.118	-1.327	-9.065	11.016	stasis
[20210319 16:28:21]	26.334	23.525	0.129	35.312	stasis
[20210319 16:28:21]	0.410	6.689	12.474	14.160	stasis
[20210319 16:28:21]	5.648	2.983	3.539	7.302	stasis
[20210319 16:28:21]	6.252	6.066	2.935	9.192	stasis
[20210319 16:28:22]	5.102	5.032	7.494	10.369	stasis
[20210319 16:28:22]	5.533	4.888	5.856	9.424	stasis
[20210319 16:28:22]	5.677	5.137	5.607	9.490	stasis
[20210319 16:28:22]	5.390	4.831	6.306	9.600	stasis
[20210319 16:28:22]	5.639	5.032	5.827	9.543	stasis
[20210319 16:28:23]	5.495	4.956	5.952	9.496	stasis
[20210319 16:28:23]	5.562	5.042	6.076	9.658	stasis
[20210319 16:28:23]	5.658	5.003	5.827	9.540	stasis
[20210319 16:28:23]	5.562	4.994	5.837	9.484	stasis
[20210319 16:28:23]	5.639	5.032	5.961	9.626	stasis
[20210319 16:28:24]	5.610	4.927	5.961	9.554	stasis
[20210319 16:28:24]	5.524	4.927	6.019	9.540	stasis
[20210319 16:28:24]	5.562	4.936	6.019	9.567	stasis
[20210319 16:28:24]	5.600	4.888	5.952	9.523	stasis
[20210319 16:28:24]	5.620	5.023	6.000	9.633	stasis
[20210319 16:28:25]	5.677	5.023	5.952	9.637	stasis
[20210319 16:28:25]	5.562	5.003	5.971	9.572	stasis
[20210319 16:28:25]	5.629	5.032	5.961	9.620	stasis
[20210319 16:28:25]	5.658	5.032	5.904	9.602	stasis
[20210319 16:28:25]	A stasis: {avg:12,344,mediana:9,600,sqm:9,275};
[20210319 16:28:25]	min: 9,320; max: 10,104; mediana: 9,600; sqm: 9,275; min_sqm: 2,000; filtered: 2; spikes: 19; false; 
[20210319 16:28:26]	5.533	4.946	6.009	9.550
[20210319 16:28:26]	5.610	5.023	6.038	9.652
[20210319 16:28:26]	5.600	4.984	5.981	9.590
[20210319 16:28:26]	5.600	4.946	5.990	9.577
[20210319 16:28:26]	5.533	4.975	6.000	9.558
[20210319 16:28:27]	5.524	4.956	5.942	9.507
[20210319 16:28:27]	5.600	5.023	5.923	9.575
[20210319 16:28:27]	5.658	5.080	5.971	9.668
[20210319 16:28:27]	5.658	4.927	5.990	9.600
[20210319 16:28:27]	5.562	5.061	5.933	9.578
[20210319 16:28:28]	5.648	4.984	5.990	9.624
[20210319 16:28:28]	5.639	4.898	6.000	9.580
[20210319 16:28:28]	5.591	4.917	5.416	9.207
[20210319 16:28:28]	5.064	4.592	7.111	9.864
[20210319 16:28:28]	5.792	5.128	5.377	9.421
[20210319 16:28:29]	5.591	5.003	6.191	9.728
[20210319 16:28:29]	5.524	4.956	6.124	9.622
[20210319 16:28:29]	5.543	4.927	5.952	9.509
[20210319 16:28:29]	5.505	4.956	6.182	9.647
[20210319 16:28:29]	5.581	4.898	6.105	9.613
[20210319 16:28:30]	5.495	4.936	6.076	9.565
[20210319 16:28:30]	5.543	4.898	6.105	9.591
[20210319 16:28:30]	5.610	4.984	6.009	9.614
[20210319 16:28:30]	5.581	4.965	5.961	9.557
[20210319 16:28:30]	5.620	4.936	5.837	9.488
[20210319 16:28:31]	5.486	4.879	6.000	9.481
[20210319 16:28:31]	5.514	4.984	6.134	9.637
