[20210319 16:18:48]	-2.032	9.380	1.786	9.762
[20210319 16:18:48]	-2.042	9.495	1.709	9.861
[20210319 16:18:48]	-1.898	9.323	1.767	9.676
[20210319 16:18:48]	-2.358	9.370	2.188	9.907
[20210319 16:18:49]	-2.205	9.485	1.815	9.906
[20210319 16:18:49]	-2.185	9.495	1.700	9.890
[20210319 16:18:49]	-2.128	9.208	1.882	9.636
[20210319 16:18:49]	-2.147	9.399	2.045	9.856
[20210319 16:18:49]	-2.071	8.509	1.700	8.920
[20210319 16:18:50]	-0.653	7.666	1.116	7.774
[20210319 16:18:50]	-0.979	10.299	1.556	10.462
[20210319 16:18:50]	-1.036	2.533	-0.828	2.859
[20210319 16:18:50]	5.658	-18.412	29.243	35.016	shock no free fall check for stasis
[20210319 16:18:50]	-14.386	-10.846	-7.159	19.387	stasis
[20210319 16:18:51]	38.305	-35.947	37.852	64.748	stasis
[20210319 16:18:51]	16.901	-2.218	-13.700	21.869	stasis
[20210319 16:18:51]	-29.230	1.814	-3.587	29.505	stasis
[20210319 16:18:51]	0.237	0.818	-9.543	9.581	stasis
[20210319 16:18:51]	0.132	0.866	-9.428	9.469	stasis
[20210319 16:18:52]	0.142	0.761	-9.457	9.489	stasis
[20210319 16:18:52]	0.094	0.799	-9.457	9.491	stasis
[20210319 16:18:52]	0.218	0.866	-9.467	9.509	stasis
[20210319 16:18:52]	0.170	0.818	-9.476	9.513	stasis
[20210319 16:18:52]	0.170	0.847	-9.505	9.544	stasis
[20210319 16:18:53]	0.247	0.933	-9.505	9.554	stasis
[20210319 16:18:53]	0.199	0.818	-9.448	9.485	stasis
[20210319 16:18:53]	0.161	0.809	-9.419	9.455	stasis
[20210319 16:18:53]	0.180	0.876	-9.419	9.461	stasis
[20210319 16:18:53]	0.151	0.905	-9.448	9.492	stasis
[20210319 16:18:54]	0.151	0.895	-9.495	9.539	stasis
[20210319 16:18:54]	0.305	0.914	-9.582	9.630	stasis
[20210319 16:18:54]	0.161	0.933	-9.639	9.686	stasis
[20210319 16:18:54]	0.142	0.914	-9.515	9.559	stasis
[20210319 16:18:54]	0.228	0.895	-9.505	9.550	stasis
[20210319 16:18:55]	0.132	0.857	-9.524	9.564	stasis
[20210319 16:18:55]	0.151	0.876	-9.409	9.451	stasis
[20210319 16:18:55]	0.170	0.828	-9.438	9.476	stasis
[20210319 16:18:55]	0.170	0.933	-9.467	9.514	stasis
[20210319 16:18:55]	A stasis: {avg:13,421,mediana:9,544,sqm:11,760};
[20210319 16:18:55]	min: 9,320; max: 10,104; mediana: 9,544; sqm: 11,760; min_sqm: 2,000; filtered: 4; spikes: 21; false; 
[20210319 16:18:56]	0.151	0.751	-9.381	9.412
[20210319 16:18:56]	0.199	0.818	-9.534	9.571
[20210319 16:18:56]	0.170	0.857	-9.534	9.574
[20210319 16:18:56]	0.257	0.847	-9.505	9.546
[20210319 16:18:56]	0.132	0.876	-9.476	9.518
[20210319 16:18:57]	0.209	0.847	-9.409	9.450
[20210319 16:18:57]	0.190	0.905	-9.448	9.493
[20210319 16:18:57]	0.170	0.828	-9.505	9.543
[20210319 16:18:57]	0.199	0.933	-9.534	9.581
[20210319 16:18:57]	0.142	0.828	-9.352	9.389
[20210319 16:18:58]	0.218	0.895	-9.524	9.569
[20210319 16:18:58]	0.094	0.809	-9.495	9.530
[20210319 16:18:58]	0.161	0.857	-9.563	9.602
[20210319 16:18:58]	0.247	0.876	-9.572	9.615
[20210319 16:18:58]	0.170	0.828	-9.563	9.600
[20210319 16:18:59]	0.123	0.837	-9.438	9.476
[20210319 16:18:59]	0.142	0.943	-9.457	9.505
[20210319 16:18:59]	0.123	0.780	-9.495	9.528
[20210319 16:18:59]	0.209	0.847	-9.543	9.583
[20210319 16:18:59]	0.170	0.866	-9.467	9.508
[20210319 16:19:00]	0.218	0.933	-9.591	9.639
[20210319 16:19:00]	0.228	0.905	-9.630	9.675
[20210319 16:19:00]	0.170	0.972	-9.687	9.737
[20210319 16:19:00]	1.262	2.063	-12.426	12.659
[20210319 16:19:00]	3.570	2.073	-8.509	9.458
[20210319 16:19:01]	6.510	1.355	-5.703	8.760
[20210319 16:19:01]	5.926	-4.497	0.464	7.454
[20210319 16:19:01]	8.186	-2.936	2.025	8.929
[20210319 16:19:01]	8.330	-3.357	2.820	9.413
[20210319 16:19:01]	8.809	-2.706	1.824	9.394
[20210319 16:19:02]	8.387	-3.290	1.978	9.224
[20210319 16:19:02]	8.541	-3.204	1.566	9.255
[20210319 16:19:02]	8.474	-3.223	1.690	9.222
[20210319 16:19:02]	8.646	-3.156	1.527	9.330
[20210319 16:19:02]	8.617	-3.146	1.470	9.291
[20210319 16:19:03]	8.560	-3.242	1.681	9.306
[20210319 16:19:03]	8.751	-2.965	1.441	9.351
[20210319 16:19:03]	8.569	-3.146	1.422	9.239
