[20210319 16:17:19]	-1.161	9.227	2.974	9.763
[20210319 16:17:19]	-1.122	9.255	2.906	9.766
[20210319 16:17:19]	-0.940	9.428	2.906	9.910
[20210319 16:17:19]	-0.969	9.370	2.849	9.842
[20210319 16:17:20]	-1.678	9.217	2.830	9.787
[20210319 16:17:20]	-1.343	9.361	2.734	9.844
[20210319 16:17:20]	-1.295	9.562	2.504	9.969
[20210319 16:17:20]	-1.343	9.552	2.610	9.993
[20210319 16:17:20]	-1.142	9.323	2.514	9.723
[20210319 16:17:21]	0.783	5.415	0.474	5.492
[20210319 16:17:21]	1.511	5.837	-1.729	6.272
[20210319 16:17:21]	-0.816	-0.005	-5.042	5.108
[20210319 16:17:21]	20.128	-20.318	-9.946	30.280	shock no free fall check for stasis
[20210319 16:17:21]	14.765	4.218	3.136	15.673	stasis
[20210319 16:17:22]	8.378	7.618	2.303	11.555	stasis
[20210319 16:17:22]	5.926	3.816	0.723	7.085	stasis
[20210319 16:17:22]	1.109	9.380	-4.966	10.671	stasis
[20210319 16:17:22]	3.609	4.888	-3.577	7.051	stasis
[20210319 16:17:22]	0.151	1.163	-9.543	9.615	stasis
[20210319 16:17:23]	0.276	1.584	-9.246	9.385	stasis
[20210319 16:17:23]	0.333	1.393	-9.572	9.679	stasis
[20210319 16:17:23]	0.352	1.661	-9.390	9.542	stasis
[20210319 16:17:23]	0.285	1.613	-9.553	9.692	stasis
[20210319 16:17:23]	0.419	1.709	-9.400	9.563	stasis
[20210319 16:17:24]	0.352	1.671	-9.419	9.572	stasis
[20210319 16:17:24]	0.400	1.632	-9.342	9.492	stasis
[20210319 16:17:24]	0.391	1.709	-9.448	9.609	stasis
[20210319 16:17:24]	0.391	1.699	-9.428	9.588	stasis
[20210319 16:17:24]	0.314	1.623	-9.352	9.497	stasis
[20210319 16:17:25]	0.333	1.584	-9.409	9.548	stasis
[20210319 16:17:25]	0.305	1.584	-9.352	9.490	stasis
[20210319 16:17:25]	0.305	1.652	-9.400	9.549	stasis
[20210319 16:17:25]	0.333	1.575	-9.361	9.499	stasis
[20210319 16:17:25]	0.314	1.623	-9.400	9.544	stasis
[20210319 16:17:26]	0.333	1.584	-9.342	9.482	stasis
[20210319 16:17:26]	0.324	1.594	-9.505	9.643	stasis
[20210319 16:17:26]	0.247	1.584	-9.304	9.441	stasis
[20210319 16:17:26]	0.237	1.537	-9.256	9.386	stasis
[20210319 16:17:26]	A stasis: {avg:9,714,mediana:9,549,sqm:1,508};
[20210319 16:17:26]	min: 9,320; max: 10,104; mediana: 9,549; sqm: 1,508; min_sqm: 2,000; filtered: 0; spikes: 20; false; 
[20210319 16:17:27]	0.305	1.565	-9.371	9.506
[20210319 16:17:27]	0.228	1.565	-9.256	9.390
[20210319 16:17:27]	0.285	1.594	-9.419	9.557
[20210319 16:17:27]	0.266	1.623	-9.476	9.618
[20210319 16:17:27]	0.257	1.594	-9.381	9.518
[20210319 16:17:28]	0.218	1.537	-9.266	9.395
[20210319 16:17:28]	0.333	1.584	-9.371	9.510
[20210319 16:17:28]	0.257	1.517	-9.390	9.515
[20210319 16:17:28]	0.314	1.594	-9.390	9.530
[20210319 16:17:28]	0.285	1.584	-9.409	9.546
[20210319 16:17:29]	0.343	1.699	-9.467	9.624
[20210319 16:17:29]	0.305	1.604	-9.476	9.616
[20210319 16:17:29]	0.266	1.584	-9.419	9.555
[20210319 16:17:29]	0.257	1.565	-9.390	9.523
[20210319 16:17:29]	0.343	1.565	-9.342	9.479
[20210319 16:17:30]	0.276	1.594	-9.342	9.481
[20210319 16:17:30]	0.343	1.613	-9.419	9.562
[20210319 16:17:30]	0.343	1.565	-9.486	9.620
[20210319 16:17:30]	0.295	1.575	-9.342	9.479
[20210319 16:17:30]	0.314	1.537	-9.371	9.501
[20210319 16:17:31]	0.285	1.537	-9.371	9.500
[20210319 16:17:31]	0.295	1.623	-9.361	9.506
[20210319 16:17:31]	0.295	1.517	-9.285	9.413
[20210319 16:17:31]	0.218	1.489	-9.246	9.368
[20210319 16:17:31]	0.324	1.498	-9.275	9.401
[20210319 16:17:32]	0.209	1.594	-9.333	9.470
[20210319 16:17:32]	0.228	1.537	-9.218	9.348
[20210319 16:17:32]	0.199	1.479	-9.256	9.376
[20210319 16:17:32]	0.190	1.489	-9.285	9.405
[20210319 16:17:32]	0.237	1.604	-9.342	9.482
[20210319 16:17:33]	0.266	1.517	-9.371	9.497
[20210319 16:17:33]	0.237	1.546	-9.275	9.406
[20210319 16:17:33]	0.237	1.565	-9.151	9.287
[20210319 16:17:33]	0.123	1.479	-9.237	9.355
[20210319 16:17:33]	0.285	1.556	-9.371	9.504
[20210319 16:17:34]	0.343	1.613	-9.524	9.666
[20210319 16:17:34]	0.333	1.623	-9.448	9.592
[20210319 16:17:34]	0.343	1.709	-9.448	9.607
[20210319 16:17:34]	0.257	1.565	-9.457	9.589
[20210319 16:17:34]	0.410	1.738	-9.515	9.681
[20210319 16:17:35]	0.199	1.546	-9.381	9.509
[20210319 16:17:35]	0.305	1.690	-9.361	9.518
[20210319 16:17:35]	0.285	1.584	-9.409	9.546
[20210319 16:17:35]	0.218	1.556	-9.314	9.445
[20210319 16:17:35]	0.314	1.537	-9.294	9.426
[20210319 16:17:36]	0.285	1.537	-9.409	9.538
[20210319 16:17:36]	0.247	1.498	-9.294	9.418
[20210319 16:17:36]	0.228	1.537	-9.323	9.452
[20210319 16:17:36]	0.276	1.565	-9.390	9.524
[20210319 16:17:36]	0.343	1.690	-9.409	9.566
[20210319 16:17:37]	0.352	1.623	-9.448	9.592
[20210319 16:17:37]	0.410	1.632	-9.428	9.577
[20210319 16:17:37]	0.295	1.652	-9.400	9.548
[20210319 16:17:37]	0.314	1.546	-9.400	9.531
[20210319 16:17:37]	0.237	1.594	-9.352	9.490
[20210319 16:17:38]	0.305	1.527	-9.333	9.462
[20210319 16:17:38]	0.237	1.498	-9.246	9.370
[20210319 16:17:38]	0.190	1.450	-9.256	9.371
[20210319 16:17:38]	0.247	1.508	-9.266	9.391
[20210319 16:17:38]	0.486	1.508	-9.304	9.438
[20210319 16:17:39]	0.237	1.441	-9.275	9.389
[20210319 16:17:39]	0.237	1.537	-9.266	9.395
[20210319 16:17:39]	0.276	1.613	-9.381	9.522
[20210319 16:17:39]	0.266	1.565	-9.342	9.476
[20210319 16:17:39]	0.199	1.489	-9.199	9.320
[20210319 16:17:40]	0.314	1.575	-9.285	9.423
[20210319 16:17:40]	1.511	2.475	-12.024	12.369
[20210319 16:17:40]	3.666	3.433	-8.365	9.757
[20210319 16:17:40]	6.137	0.320	-1.920	6.438
[20210319 16:17:40]	8.588	2.399	1.374	9.022
[20210319 16:17:41]	7.420	1.901	3.596	8.462
[20210319 16:17:41]	8.665	2.715	2.772	9.494
[20210319 16:17:41]	8.646	2.111	1.978	9.117
[20210319 16:17:41]	8.799	2.379	2.495	9.450
[20210319 16:17:41]	8.694	2.207	2.466	9.302
[20210319 16:17:42]	8.627	2.322	2.543	9.289
