[20210319 15:59:52]	0.314	9.169	3.194	9.715
[20210319 15:59:52]	0.161	9.121	3.309	9.704
[20210319 15:59:52]	0.343	9.150	3.165	9.688
[20210319 15:59:52]	0.027	9.064	3.424	9.689
[20210319 15:59:52]	0.458	9.217	3.194	9.766
[20210319 15:59:53]	0.429	9.323	3.108	9.836
[20210319 15:59:53]	-0.519	9.026	4.027	9.897
[20210319 15:59:53]	0.190	9.255	3.280	9.821
[20210319 15:59:53]	0.343	9.246	3.366	9.846
[20210319 15:59:53]	0.630	9.093	3.385	9.723
[20210319 15:59:54]	0.831	8.872	3.539	9.588
[20210319 15:59:54]	0.994	8.748	3.663	9.536
[20210319 15:59:54]	1.032	8.805	3.778	9.637
[20210319 15:59:54]	0.630	8.930	3.749	9.706
[20210319 15:59:54]	0.199	8.700	4.400	9.752
[20210319 15:59:55]	0.544	9.150	4.132	10.055
[20210319 15:59:55]	0.180	8.288	3.912	9.167
[20210319 15:59:55]	0.668	9.121	3.414	9.762
[20210319 15:59:55]	0.285	8.633	3.989	9.514
[20210319 15:59:55]	0.094	8.920	4.238	9.876
[20210319 15:59:56]	0.621	9.428	3.711	10.151
[20210319 15:59:56]	0.659	9.236	3.424	9.872
[20210319 15:59:56]	2.153	7.503	0.982	7.867
[20210319 15:59:56]	-0.337	7.082	-4.343	8.314
[20210319 15:59:56]	-1.151	1.843	-1.298	2.531
[20210319 15:59:57]	-3.296	16.486	-23.449	28.853	shock no free fall check for stasis
[20210319 15:59:57]	-12.567	15.193	-1.585	19.780	stasis
[20210319 15:59:57]	-20.640	-3.577	-0.014	20.948	stasis
[20210319 15:59:57]	-4.034	-15.089	9.103	18.078	stasis
[20210319 15:59:57]	-30.724	-38.198	37.852	61.934	stasis
[20210319 15:59:58]	-1.563	-0.724	2.207	2.800	stasis
[20210319 15:59:58]	0.075	-0.666	6.555	6.589	stasis
[20210319 15:59:58]	-0.988	-0.896	9.888	9.978	stasis
[20210319 15:59:58]	-1.132	-1.652	9.419	9.629	stasis
[20210319 15:59:58]	-1.142	-1.557	9.419	9.615	stasis
[20210319 15:59:59]	-1.103	-1.432	9.543	9.713	stasis
[20210319 15:59:59]	-0.998	-1.413	9.361	9.520	stasis
[20210319 15:59:59]	-1.103	-1.403	9.486	9.652	stasis
[20210319 15:59:59]	-1.161	-1.423	9.553	9.728	stasis
[20210319 15:59:59]	-1.122	-1.384	9.514	9.680	stasis
[20210319 16:00:00]	-1.094	-1.490	9.534	9.711	stasis
[20210319 16:00:00]	-1.094	-1.423	9.428	9.598	stasis
[20210319 16:00:00]	-1.142	-1.480	9.495	9.678	stasis
[20210319 16:00:00]	-1.036	-1.471	9.495	9.664	stasis
[20210319 16:00:00]	-1.113	-1.490	9.514	9.694	stasis
[20210319 16:00:01]	-1.046	-1.518	9.524	9.701	stasis
[20210319 16:00:01]	-1.103	-1.480	9.524	9.701	stasis
[20210319 16:00:01]	-1.122	-1.442	9.562	9.735	stasis
[20210319 16:00:01]	-1.170	-1.509	9.495	9.685	stasis
[20210319 16:00:01]	-1.075	-1.480	9.476	9.651	stasis
[20210319 16:00:02]	-1.094	-1.403	9.495	9.661	stasis
[20210319 16:00:02]	A stasis: {avg:12,565,mediana:9,694,sqm:10,952};
[20210319 16:00:02]	min: 9,320; max: 10,104; mediana: 9,694; sqm: 10,952; min_sqm: 2,000; filtered: 3; spikes: 19; false; 
[20210319 16:00:02]	-1.103	-1.403	9.400	9.568
[20210319 16:00:02]	-1.122	-1.480	9.409	9.591
[20210319 16:00:02]	-1.075	-1.490	9.486	9.662
[20210319 16:00:03]	-1.142	-1.490	9.428	9.613
[20210319 16:00:03]	-1.122	-1.451	9.514	9.690
[20210319 16:00:03]	-1.046	-1.403	9.371	9.533
[20210319 16:00:03]	-1.027	-1.432	9.467	9.629
[20210319 16:00:03]	-1.142	-1.595	9.591	9.790
[20210319 16:00:04]	-1.199	-1.566	9.534	9.736
[20210319 16:00:04]	-1.122	-1.547	9.476	9.667
[20210319 16:00:04]	-1.065	-1.480	9.467	9.641
[20210319 16:00:04]	-1.084	-1.490	9.457	9.635
[20210319 16:00:04]	-1.122	-1.490	9.524	9.705
[20210319 16:00:05]	-1.055	-1.499	9.514	9.690
[20210319 16:00:05]	-1.132	-1.518	9.639	9.823
[20210319 16:00:05]	-1.122	-1.432	9.582	9.753
[20210319 16:00:05]	-1.094	-1.471	9.409	9.586
[20210319 16:00:05]	-1.103	-1.538	9.524	9.710
[20210319 16:00:06]	-1.161	-1.442	9.639	9.815
[20210319 16:00:06]	-1.027	-1.403	9.447	9.606
[20210319 16:00:06]	-1.036	-1.461	9.505	9.672
[20210319 16:00:06]	-1.161	-1.538	9.668	9.858
[20210319 16:00:06]	-1.046	-1.480	9.514	9.686
[20210319 16:00:07]	-1.055	-1.413	9.514	9.677
[20210319 16:00:07]	-1.084	-1.480	9.342	9.521
