[20210319 16:26:29]	-1.008	9.370	2.236	9.686
[20210319 16:26:30]	-1.027	9.428	2.140	9.722
[20210319 16:26:30]	-0.883	9.351	2.380	9.690
[20210319 16:26:30]	-0.873	9.476	2.121	9.749
[20210319 16:26:30]	-0.797	9.342	2.150	9.619
[20210319 16:26:30]	-0.893	9.332	2.198	9.629
[20210319 16:26:31]	-0.711	9.476	2.112	9.734
[20210319 16:26:31]	-0.950	9.303	2.341	9.640
[20210319 16:26:31]	-0.902	9.399	2.217	9.699
[20210319 16:26:31]	-0.634	9.428	2.207	9.704
[20210319 16:26:31]	-1.343	9.466	2.246	9.821
[20210319 16:26:32]	-1.036	9.801	1.958	10.049
[20210319 16:26:32]	-1.304	9.514	2.236	9.860
[20210319 16:26:32]	-1.189	9.169	1.987	9.457
[20210319 16:26:32]	-0.337	4.400	-0.465	4.437
[20210319 16:26:32]	5.553	7.005	3.759	9.697
[20210319 16:26:33]	-2.463	0.244	-0.369	2.503
[20210319 16:26:33]	-38.300	37.517	-38.753	66.152	shock no free fall check for stasis
[20210319 16:26:33]	-3.497	22.290	4.142	22.939	stasis
[20210319 16:26:33]	-0.203	10.280	6.661	12.251	stasis
[20210319 16:26:33]	7.123	6.019	3.175	9.851	stasis
[20210319 16:26:34]	4.691	7.206	0.484	8.612	stasis
[20210319 16:26:34]	9.757	0.627	0.388	9.785	stasis
[20210319 16:26:34]	4.710	5.214	2.600	7.492	stasis
[20210319 16:26:34]	7.401	5.559	2.313	9.541	stasis
[20210319 16:26:34]	7.363	5.607	2.207	9.514	stasis
[20210319 16:26:35]	7.248	5.473	2.255	9.358	stasis
[20210319 16:26:35]	7.267	5.521	2.294	9.410	stasis
[20210319 16:26:35]	7.334	5.482	2.236	9.426	stasis
[20210319 16:26:35]	7.334	5.492	2.188	9.420	stasis
[20210319 16:26:35]	7.324	5.482	2.255	9.423	stasis
[20210319 16:26:36]	7.382	5.521	2.150	9.465	stasis
[20210319 16:26:36]	7.305	5.530	2.236	9.431	stasis
[20210319 16:26:36]	7.315	5.454	2.236	9.394	stasis
[20210319 16:26:36]	7.248	5.348	2.255	9.285	stasis
[20210319 16:26:36]	7.305	5.415	2.198	9.355	stasis
[20210319 16:26:37]	7.286	5.415	2.322	9.370	stasis
[20210319 16:26:37]	7.257	5.348	2.217	9.284	stasis
[20210319 16:26:37]	7.305	5.425	2.246	9.372	stasis
[20210319 16:26:37]	7.238	5.434	2.303	9.340	stasis
[20210319 16:26:37]	7.324	5.415	2.341	9.405	stasis
[20210319 16:26:38]	7.286	5.348	2.437	9.361	stasis
[20210319 16:26:38]	7.133	5.310	2.428	9.218	stasis
[20210319 16:26:38]	A stasis: {avg:9,972,mediana:9,410,sqm:2,799};
[20210319 16:26:38]	min: 9,320; max: 10,104; mediana: 9,410; sqm: 2,799; min_sqm: 2,000; filtered: 1; spikes: 21; true; 
[20210319 16:26:38]	fall detected
[20210319 16:26:38]	Hard Fall
[20210319 16:26:38]	7.200	5.348	2.332	9.267
[20210319 16:26:38]	7.142	5.367	2.380	9.246
[20210319 16:26:39]	7.161	5.310	2.380	9.227
[20210319 16:26:39]	7.181	5.386	2.389	9.289
[20210319 16:26:39]	7.104	5.262	2.408	9.163
[20210319 16:26:39]	7.200	5.252	2.447	9.242
[20210319 16:26:39]	7.200	5.300	2.380	9.252
[20210319 16:26:40]	7.248	5.367	2.380	9.327
[20210319 16:26:40]	7.209	5.329	2.332	9.263
[20210319 16:26:40]	7.248	5.396	2.332	9.332
[20210319 16:26:40]	7.123	5.272	2.600	9.235
[20210319 16:26:40]	7.267	5.367	2.332	9.330
[20210319 16:26:41]	7.037	4.793	2.418	8.851
