[20210319 16:16:23]	-2.004	8.662	4.037	9.764
[20210319 16:16:23]	-1.946	8.556	3.989	9.639
[20210319 16:16:24]	-1.936	8.614	3.960	9.676
[20210319 16:16:24]	-2.013	8.604	4.084	9.735
[20210319 16:16:24]	-2.128	8.461	3.989	9.593
[20210319 16:16:24]	-2.071	8.633	3.730	9.630
[20210319 16:16:24]	-2.004	8.671	3.845	9.695
[20210319 16:16:25]	-2.099	8.595	4.151	9.773
[20210319 16:16:25]	-1.707	8.815	3.749	9.730
[20210319 16:16:25]	-1.850	8.719	3.998	9.769
[20210319 16:16:25]	-1.534	8.748	3.778	9.652
[20210319 16:16:25]	-1.936	10.682	4.602	11.791
[20210319 16:16:26]	-2.128	4.429	-0.886	4.993
[20210319 16:16:26]	-1.027	-2.648	-2.600	3.851
[20210319 16:16:26]	10.906	-37.949	-38.753	55.325	shock no free fall check for stasis
[20210319 16:16:26]	-0.203	-3.089	-10.922	11.353	stasis
[20210319 16:16:26]	4.911	38.407	-28.582	48.127	stasis
[20210319 16:16:27]	-2.616	0.100	-5.914	6.467	stasis
[20210319 16:16:27]	0.372	2.695	-5.234	5.899	stasis
[20210319 16:16:27]	-0.366	1.240	-9.687	9.773	stasis
[20210319 16:16:27]	1.712	0.387	-9.409	9.572	stasis
[20210319 16:16:27]	-0.155	0.905	-9.026	9.073	stasis
[20210319 16:16:28]	-0.318	0.502	-9.352	9.371	stasis
[20210319 16:16:28]	-0.213	0.502	-9.486	9.502	stasis
[20210319 16:16:28]	-0.289	0.474	-9.342	9.359	stasis
[20210319 16:16:28]	-0.308	0.454	-9.323	9.339	stasis
[20210319 16:16:28]	-0.251	0.464	-9.400	9.414	stasis
[20210319 16:16:29]	-0.261	0.502	-9.352	9.369	stasis
[20210319 16:16:29]	-0.251	0.474	-9.428	9.444	stasis
[20210319 16:16:29]	-0.308	0.541	-9.409	9.430	stasis
[20210319 16:16:29]	-0.337	0.454	-9.400	9.417	stasis
[20210319 16:16:29]	-0.328	0.426	-9.333	9.348	stasis
[20210319 16:16:30]	-0.308	0.512	-9.486	9.505	stasis
[20210319 16:16:30]	-0.251	0.588	-9.419	9.441	stasis
[20210319 16:16:30]	-0.328	0.349	-9.304	9.316	stasis
[20210319 16:16:30]	-0.299	0.464	-9.419	9.435	stasis
[20210319 16:16:31]	-0.308	0.426	-9.294	9.309	stasis
[20210319 16:16:31]	-0.366	0.474	-9.266	9.285	stasis
[20210319 16:16:31]	-0.328	0.502	-9.371	9.390	stasis
[20210319 16:16:31]	-0.289	0.474	-9.361	9.378	stasis
[20210319 16:16:31]	A stasis: {avg:10,773,mediana:9,414,sqm:7,847};
[20210319 16:16:31]	min: 9,320; max: 10,104; mediana: 9,414; sqm: 7,847; min_sqm: 2,000; filtered: 1; spikes: 21; true; 
[20210319 16:16:31]	fall detected
[20210319 16:16:31]	Hard Fall
[20210319 16:16:31]	-0.308	0.445	-9.438	9.454
[20210319 16:16:32]	-0.289	0.474	-9.342	9.359
[20210319 16:16:32]	-0.232	0.502	-9.438	9.454
[20210319 16:16:32]	-0.193	0.493	-9.486	9.501
[20210319 16:16:32]	-0.280	0.531	-9.476	9.495
[20210319 16:16:33]	-0.203	0.474	-9.419	9.433
[20210319 16:16:33]	-0.270	0.512	-9.400	9.418
[20210319 16:16:33]	-0.251	0.416	-9.371	9.384
[20210319 16:16:33]	-0.251	0.426	-9.419	9.432
[20210319 16:16:33]	-0.366	0.407	-9.390	9.406
[20210319 16:16:34]	-0.318	0.445	-9.428	9.444
[20210319 16:16:34]	-0.289	0.445	-9.361	9.376
[20210319 16:16:34]	-0.270	0.454	-9.419	9.434
[20210319 16:16:34]	-0.232	0.512	-9.246	9.264
[20210319 16:16:34]	-0.318	0.454	-9.304	9.320
[20210319 16:16:35]	-0.356	0.378	-9.342	9.357
[20210319 16:16:35]	-0.232	0.445	-9.381	9.394
[20210319 16:16:35]	-0.232	0.550	-9.524	9.543
[20210319 16:16:35]	-0.203	0.541	-9.505	9.523
[20210319 16:16:35]	-0.308	0.464	-9.371	9.388
[20210319 16:16:36]	-0.241	0.493	-9.572	9.588
[20210319 16:16:36]	0.391	0.847	-13.068	13.101
[20210319 16:16:36]	3.235	2.178	-8.567	9.413
[20210319 16:16:36]	4.844	-0.886	-3.883	6.271
[20210319 16:16:36]	6.817	-1.490	0.627	7.006
[20210319 16:16:37]	6.893	-1.940	4.554	8.486
[20210319 16:16:37]	8.751	-0.570	4.688	9.944
[20210319 16:16:37]	8.225	-1.078	4.104	9.254
[20210319 16:16:37]	9.086	0.100	3.337	9.680
[20210319 16:16:37]	8.320	-0.858	3.979	9.263
[20210319 16:16:38]	8.311	-0.762	3.864	9.197
[20210319 16:16:38]	8.445	-0.829	4.017	9.388
[20210319 16:16:38]	8.502	-0.867	3.539	9.250
[20210319 16:16:38]	8.387	-0.656	4.573	9.575
