[20210319 16:02:16]	-1.438	9.093	2.983	9.677
[20210319 16:02:16]	-1.343	9.342	2.820	9.850
[20210319 16:02:16]	-1.391	9.236	2.763	9.740
[20210319 16:02:16]	-1.448	9.112	2.897	9.670
[20210319 16:02:16]	-1.304	9.093	3.069	9.685
[20210319 16:02:17]	-1.659	9.227	3.146	9.888
[20210319 16:02:17]	-1.103	9.543	2.897	10.034
[20210319 16:02:17]	-1.065	8.777	2.552	9.202
[20210319 16:02:17]	-1.448	8.853	3.491	9.626
[20210319 16:02:17]	-1.017	9.342	2.945	9.848
[20210319 16:02:18]	-1.008	9.246	3.194	9.834
[20210319 16:02:18]	-1.170	9.236	3.318	9.884
[20210319 16:02:18]	-0.902	9.294	3.060	9.826
[20210319 16:02:18]	-4.024	9.524	-0.196	10.341
[20210319 16:02:19]	2.526	5.319	0.005	5.889
[20210319 16:02:19]	-8.784	0.416	7.417	11.504
[20210319 16:02:19]	-2.770	3.988	-0.053	4.856
[20210319 16:02:19]	38.305	38.407	37.852	66.145	shock no free fall check for stasis
[20210319 16:02:19]	-6.658	21.456	8.356	23.969	stasis
[20210319 16:02:20]	-3.785	9.150	-0.704	9.927	stasis
[20210319 16:02:20]	-3.967	2.399	-6.929	8.337	stasis
[20210319 16:02:20]	-0.912	-0.762	-11.104	11.168	stasis
[20210319 16:02:20]	0.199	0.924	-9.716	9.762	stasis
[20210319 16:02:20]	0.285	0.962	-9.141	9.196	stasis
[20210319 16:02:21]	0.285	0.905	-9.476	9.524	stasis
[20210319 16:02:21]	0.209	0.933	-9.390	9.439	stasis
[20210319 16:02:21]	0.257	0.905	-9.304	9.351	stasis
[20210319 16:02:21]	0.209	0.905	-9.381	9.426	stasis
[20210319 16:02:21]	0.333	0.972	-9.524	9.579	stasis
[20210319 16:02:22]	0.314	0.991	-9.457	9.514	stasis
[20210319 16:02:22]	0.257	1.010	-9.524	9.581	stasis
[20210319 16:02:22]	0.209	0.952	-9.428	9.479	stasis
[20210319 16:02:22]	0.295	0.876	-9.505	9.550	stasis
[20210319 16:02:22]	0.209	0.876	-9.371	9.414	stasis
[20210319 16:02:23]	0.285	0.933	-9.495	9.545	stasis
[20210319 16:02:23]	0.237	0.962	-9.352	9.404	stasis
[20210319 16:02:23]	0.285	0.905	-9.467	9.514	stasis
[20210319 16:02:23]	0.247	0.914	-9.438	9.485	stasis
[20210319 16:02:23]	0.228	0.933	-9.361	9.411	stasis
[20210319 16:02:24]	0.305	0.952	-9.409	9.462	stasis
[20210319 16:02:24]	0.276	0.933	-9.323	9.374	stasis
[20210319 16:02:24]	0.314	0.962	-9.476	9.530	stasis
[20210319 16:02:24]	0.372	0.991	-9.419	9.478	stasis
[20210319 16:02:24]	A stasis: {avg:10,097,mediana:9,514,sqm:2,923};
[20210319 16:02:24]	min: 9,320; max: 10,104; mediana: 9,514; sqm: 2,923; min_sqm: 2,000; filtered: 1; spikes: 22; true; 
[20210319 16:02:24]	fall detected
[20210319 16:02:24]	Hard Fall
[20210319 16:02:25]	0.285	0.933	-9.381	9.431
[20210319 16:02:25]	0.324	0.905	-9.457	9.506
[20210319 16:02:25]	0.257	0.972	-9.400	9.453
[20210319 16:02:25]	0.257	0.895	-9.266	9.312
[20210319 16:02:25]	0.314	0.943	-9.419	9.471
[20210319 16:02:26]	0.285	0.914	-9.361	9.410
[20210319 16:02:26]	0.285	0.866	-9.428	9.472
[20210319 16:02:26]	0.305	0.981	-9.448	9.503
[20210319 16:02:26]	0.314	1.584	-9.294	9.434
[20210319 16:02:26]	0.343	0.933	-9.419	9.471
[20210319 16:02:27]	0.295	0.933	-9.381	9.431
[20210319 16:02:27]	0.314	0.981	-9.505	9.561
[20210319 16:02:27]	0.343	1.000	-9.400	9.459
[20210319 16:02:27]	0.285	0.933	-9.486	9.536
[20210319 16:02:27]	0.237	0.905	-9.381	9.427
[20210319 16:02:28]	0.237	0.933	-9.342	9.392
[20210319 16:02:28]	0.228	0.943	-9.505	9.554
[20210319 16:02:28]	0.295	0.991	-9.381	9.437
[20210319 16:02:28]	0.333	0.991	-9.419	9.477
[20210319 16:02:28]	0.266	0.914	-9.457	9.505
[20210319 16:02:29]	-0.931	-0.609	-11.286	11.341
[20210319 16:02:29]	1.789	4.304	-12.024	12.896
[20210319 16:02:29]	3.666	-0.388	-0.369	3.705
[20210319 16:02:29]	11.126	1.680	-0.828	11.283
[20210319 16:02:29]	8.253	1.623	4.994	9.782
[20210319 16:02:30]	8.282	0.885	3.941	9.214
[20210319 16:02:30]	8.435	1.182	3.874	9.357
[20210319 16:02:30]	8.837	1.776	4.372	10.018
[20210319 16:02:30]	8.301	1.173	4.343	9.442
[20210319 16:02:30]	8.167	1.249	4.554	9.434
[20210319 16:02:31]	8.253	1.335	4.554	9.520
[20210319 16:02:31]	7.956	1.230	4.726	9.336
