[20210319 16:27:14]	-1.285	9.045	3.510	9.787
[20210319 16:27:15]	-1.189	8.968	3.366	9.653
[20210319 16:27:15]	-1.237	8.959	3.519	9.704
[20210319 16:27:15]	-1.228	8.920	3.213	9.560
[20210319 16:27:15]	-1.170	8.911	3.414	9.614
[20210319 16:27:15]	-1.103	8.949	3.529	9.683
[20210319 16:27:16]	-0.893	9.102	3.395	9.756
[20210319 16:27:16]	-0.701	9.016	3.414	9.666
[20210319 16:27:16]	-0.816	8.968	3.414	9.631
[20210319 16:27:16]	-0.701	9.466	3.395	10.081
[20210319 16:27:17]	-1.419	8.834	3.481	9.601
[20210319 16:27:17]	-1.199	9.141	3.155	9.744
[20210319 16:27:17]	-1.735	8.911	3.567	9.754
[20210319 16:27:17]	-0.490	9.361	2.744	9.767
[20210319 16:27:17]	-1.783	8.719	3.950	9.737
[20210319 16:27:18]	-1.199	8.882	3.337	9.564
[20210319 16:27:18]	-1.122	9.093	3.117	9.677
[20210319 16:27:18]	-1.276	8.872	3.443	9.602
[20210319 16:27:18]	-1.285	9.045	3.098	9.647
[20210319 16:27:18]	-1.707	8.738	3.922	9.729
[20210319 16:27:19]	-1.180	9.141	3.309	9.792
[20210319 16:27:19]	-0.921	9.016	3.155	9.597
[20210319 16:27:19]	-1.956	9.026	3.634	9.924
[20210319 16:27:19]	-1.898	8.700	3.117	9.435
[20210319 16:27:19]	-1.324	9.064	3.117	9.676
[20210319 16:27:20]	-1.620	9.188	3.500	9.965
[20210319 16:27:20]	-1.879	15.787	7.551	17.600
[20210319 16:27:20]	0.314	7.254	2.916	7.824
[20210319 16:27:20]	-1.027	-0.350	1.901	2.189
[20210319 16:27:20]	-2.703	1.719	-1.853	3.700
[20210319 16:27:21]	-23.839	6.430	-22.731	33.561	shock no free fall check for stasis
[20210319 16:27:21]	9.537	-13.231	-14.964	22.134	stasis
[20210319 16:27:21]	7.430	10.606	9.323	15.956	stasis
[20210319 16:27:21]	7.133	4.984	2.140	8.961	stasis
[20210319 16:27:21]	4.921	5.683	6.641	10.031	stasis
[20210319 16:27:22]	6.328	5.999	3.404	9.361	stasis
[20210319 16:27:22]	6.462	5.128	3.711	9.046	stasis
[20210319 16:27:22]	6.549	5.971	3.663	9.589	stasis
[20210319 16:27:22]	6.376	5.616	4.027	9.403	stasis
[20210319 16:27:22]	6.549	5.463	4.333	9.566	stasis
[20210319 16:27:23]	6.472	5.530	4.037	9.421	stasis
[20210319 16:27:23]	6.520	5.540	4.084	9.480	stasis
[20210319 16:27:23]	6.415	5.492	4.151	9.410	stasis
[20210319 16:27:23]	6.434	5.492	4.257	9.470	stasis
[20210319 16:27:23]	6.415	5.396	4.305	9.423	stasis
[20210319 16:27:24]	6.462	5.386	4.180	9.394	stasis
[20210319 16:27:24]	6.472	5.396	4.295	9.458	stasis
[20210319 16:27:24]	6.405	5.348	4.238	9.359	stasis
[20210319 16:27:24]	6.462	5.444	4.199	9.436	stasis
[20210319 16:27:24]	6.568	5.473	4.075	9.470	stasis
[20210319 16:27:25]	6.520	5.463	4.171	9.474	stasis
[20210319 16:27:25]	6.472	5.444	4.238	9.459	stasis
[20210319 16:27:25]	6.453	5.501	4.238	9.480	stasis
[20210319 16:27:25]	6.453	5.377	4.161	9.374	stasis
[20210319 16:27:25]	6.491	5.444	4.219	9.464	stasis
[20210319 16:27:26]	6.434	5.415	4.132	9.370	stasis
[20210319 16:27:26]	A stasis: {avg:10,200,mediana:9,459,sqm:2,814};
[20210319 16:27:26]	min: 9,320; max: 10,104; mediana: 9,459; sqm: 2,814; min_sqm: 2,000; filtered: 1; spikes: 23; true; 
[20210319 16:27:26]	fall detected
[20210319 16:27:26]	Hard Fall
[20210319 16:27:26]	6.462	5.386	4.257	9.429
[20210319 16:27:26]	6.443	5.358	4.295	9.416
[20210319 16:27:26]	6.491	5.386	4.180	9.414
[20210319 16:27:27]	6.453	5.492	4.151	9.436
[20210319 16:27:27]	6.520	5.415	4.199	9.459
[20210319 16:27:27]	6.491	5.415	4.113	9.401
[20210319 16:27:27]	6.529	5.549	4.094	9.497
[20210319 16:27:27]	6.549	5.549	4.123	9.522
[20210319 16:27:28]	6.616	5.521	4.017	9.507
[20210319 16:27:28]	6.558	5.511	4.171	9.528
[20210319 16:27:28]	6.606	5.530	4.094	9.538
[20210319 16:27:28]	6.539	5.568	4.037	9.490
[20210319 16:27:28]	6.549	5.463	4.056	9.443
[20210319 16:27:29]	6.520	5.530	4.037	9.454
[20210319 16:27:29]	6.453	5.386	4.228	9.409
